[1.0]
[0.6, 0.36666666666666664, 0.03333333333333333]
[0.6, 0.36666666666666664, 0.03333333333333333]
[0.6, 0.36666666666666664, 0.03333333333333333]
[0.6, 0.36666666666666664, 0.03333333333333333]
[0.6, 0.36666666666666664, 0.03333333333333333]
[0.6, 0.36666666666666664, 0.03333333333333333]
[0.6, 0.36666666666666664, 0.03333333333333333]
[0.6, 0.2, 0.16666666666666666, 0.03333333333333333]
[0.6, 0.2, 0.16666666666666666, 0.03333333333333333]
[0.6, 0.16666666666666666, 0.16666666666666666, 0.03333333333333333, 0.03333333333333333]
[0.6, 0.2, 0.16666666666666666, 0.03333333333333333]
[0.6, 0.2, 0.16666666666666666, 0.03333333333333333]
[0.6, 0.2, 0.2]
[0.6, 0.2, 0.2]
[0.6, 0.2, 0.16666666666666666, 0.03333333333333333]
[0.6, 0.2, 0.2]
[0.6, 0.2, 0.2]
[0.6, 0.2, 0.2]
[0.6, 0.2, 0.2]
[0.6, 0.2, 0.16666666666666666, 0.03333333333333333]
[0.6, 0.2, 0.2]
[0.6, 0.2, 0.2]
[0.6, 0.2, 0.2]
[0.6, 0.2, 0.2]
[0.6, 0.2, 0.2]
[0.6, 0.2, 0.2]
[0.6, 0.2, 0.2]
[0.5666666666666667, 0.2, 0.16666666666666666, 0.03333333333333333, 0.03333333333333333]
[0.5666666666666667, 0.2, 0.2, 0.03333333333333333]
[0.4666666666666667, 0.2, 0.16666666666666666, 0.13333333333333333, 0.03333333333333333]
[0.43333333333333335, 0.2, 0.2, 0.16666666666666666]
[0.43333333333333335, 0.2, 0.2, 0.16666666666666666]
[0.43333333333333335, 0.2, 0.2, 0.16666666666666666]
[0.43333333333333335, 0.2, 0.2, 0.16666666666666666]
[0.4, 0.2, 0.2, 0.2]
[0.4, 0.2, 0.2, 0.16666666666666666, 0.03333333333333333]
[0.4, 0.2, 0.2, 0.16666666666666666, 0.03333333333333333]
[0.4, 0.2, 0.2, 0.16666666666666666, 0.03333333333333333]
[0.4, 0.2, 0.2, 0.16666666666666666, 0.03333333333333333]
[0.4, 0.2, 0.2, 0.16666666666666666, 0.03333333333333333]
[0.4, 0.2, 0.2, 0.2]
[0.4, 0.2, 0.16666666666666666, 0.16666666666666666, 0.03333333333333333, 0.03333333333333333]
[0.4, 0.2, 0.16666666666666666, 0.16666666666666666, 0.03333333333333333, 0.03333333333333333]
[0.4, 0.2, 0.2, 0.16666666666666666, 0.03333333333333333]
[0.4, 0.2, 0.2, 0.16666666666666666, 0.03333333333333333]
[0.4, 0.2, 0.2, 0.2]
[0.4, 0.2, 0.2, 0.16666666666666666, 0.03333333333333333]
[0.4, 0.2, 0.2, 0.16666666666666666, 0.03333333333333333]
[0.4, 0.2, 0.16666666666666666, 0.16666666666666666, 0.03333333333333333, 0.03333333333333333]
[0.4, 0.2, 0.2, 0.16666666666666666, 0.03333333333333333]
[0.4, 0.2, 0.2, 0.2]
[0.4, 0.2, 0.2, 0.2]
[0.4, 0.2, 0.2, 0.2]
[0.4, 0.2, 0.2, 0.2]
[0.4, 0.2, 0.2, 0.2]
[0.4, 0.2, 0.2, 0.2]
[0.4, 0.2, 0.2, 0.2]
[0.4, 0.2, 0.2, 0.16666666666666666, 0.03333333333333333]
[0.4, 0.2, 0.2, 0.16666666666666666, 0.03333333333333333]
[0.4, 0.2, 0.2, 0.16666666666666666, 0.03333333333333333]
[0.4, 0.2, 0.2, 0.16666666666666666, 0.03333333333333333]
[0.4, 0.2, 0.2, 0.2]
[0.4, 0.2, 0.2, 0.2]
[0.4, 0.2, 0.2, 0.2]
[0.4, 0.2, 0.2, 0.16666666666666666, 0.03333333333333333]
[0.4, 0.2, 0.2, 0.2]
[0.4, 0.2, 0.2, 0.2]
[0.4, 0.2, 0.2, 0.2]
[0.4, 0.2, 0.2, 0.2]
[0.4, 0.2, 0.2, 0.16666666666666666, 0.03333333333333333]
[0.4, 0.2, 0.2, 0.16666666666666666, 0.03333333333333333]
[0.4, 0.2, 0.2, 0.16666666666666666, 0.03333333333333333]
[0.4, 0.2, 0.2, 0.2]
[0.4, 0.2, 0.2, 0.2]
[0.4, 0.2, 0.2, 0.2]
[0.4, 0.2, 0.2, 0.2]
[0.4, 0.2, 0.2, 0.2]
[0.4, 0.2, 0.2, 0.16666666666666666, 0.03333333333333333]
[0.4, 0.2, 0.2, 0.16666666666666666, 0.03333333333333333]
[0.4, 0.2, 0.2, 0.16666666666666666, 0.03333333333333333]
[0.4, 0.2, 0.2, 0.2]
[0.4, 0.2, 0.2, 0.2]
[0.4, 0.2, 0.2, 0.2]
[0.4, 0.2, 0.2, 0.2]
[0.4, 0.2, 0.2, 0.2]
[0.4, 0.2, 0.2, 0.2]
[0.4, 0.2, 0.2, 0.2]
[0.4, 0.2, 0.16666666666666666, 0.16666666666666666, 0.03333333333333333, 0.03333333333333333]
[0.4, 0.2, 0.16666666666666666, 0.16666666666666666, 0.03333333333333333, 0.03333333333333333]
[0.4, 0.2, 0.16666666666666666, 0.16666666666666666, 0.03333333333333333, 0.03333333333333333]
[0.4, 0.2, 0.16666666666666666, 0.16666666666666666, 0.03333333333333333, 0.03333333333333333]
[0.4, 0.2, 0.2, 0.2]
[0.4, 0.2, 0.2, 0.2]
[0.2, 0.2, 0.2, 0.2, 0.2]
[0.23333333333333334, 0.2, 0.2, 0.2, 0.16666666666666666]
[0.23333333333333334, 0.2, 0.2, 0.2, 0.16666666666666666]
[0.23333333333333334, 0.2, 0.2, 0.2, 0.16666666666666666]
[0.2, 0.2, 0.2, 0.2, 0.2]
[0.2, 0.2, 0.2, 0.2, 0.16666666666666666, 0.03333333333333333]
[0.2, 0.2, 0.2, 0.2, 0.2]
