[1.0]
[0.6, 0.9666666666666666, 0.9999999999999999]
[0.6, 0.9666666666666666, 0.9999999999999999]
[0.6, 0.9666666666666666, 0.9999999999999999]
[0.6, 0.9666666666666666, 0.9999999999999999]
[0.6, 0.9666666666666666, 0.9999999999999999]
[0.6, 0.9666666666666666, 0.9999999999999999]
[0.6, 0.9666666666666666, 0.9999999999999999]
[0.6, 0.8, 0.9666666666666667, 1.0]
[0.6, 0.8, 0.9666666666666667, 1.0]
[0.6, 0.7666666666666666, 0.9333333333333332, 0.9666666666666666, 0.9999999999999999]
[0.6, 0.8, 0.9666666666666667, 1.0]
[0.6, 0.8, 0.9666666666666667, 1.0]
[0.6, 0.8, 1.0]
[0.6, 0.8, 1.0]
[0.6, 0.8, 0.9666666666666667, 1.0]
[0.6, 0.8, 1.0]
[0.6, 0.8, 1.0]
[0.6, 0.8, 1.0]
[0.6, 0.8, 1.0]
[0.6, 0.8, 0.9666666666666667, 1.0]
[0.6, 0.8, 1.0]
[0.6, 0.8, 1.0]
[0.6, 0.8, 1.0]
[0.6, 0.8, 1.0]
[0.6, 0.8, 1.0]
[0.6, 0.8, 1.0]
[0.6, 0.8, 1.0]
[0.5666666666666667, 0.7666666666666666, 0.9333333333333332, 0.9666666666666666, 0.9999999999999999]
[0.5666666666666667, 0.7666666666666666, 0.9666666666666666, 0.9999999999999999]
[0.4666666666666667, 0.6666666666666667, 0.8333333333333334, 0.9666666666666667, 1.0]
[0.43333333333333335, 0.6333333333333333, 0.8333333333333333, 0.9999999999999999]
[0.43333333333333335, 0.6333333333333333, 0.8333333333333333, 0.9999999999999999]
[0.43333333333333335, 0.6333333333333333, 0.8333333333333333, 0.9999999999999999]
[0.43333333333333335, 0.6333333333333333, 0.8333333333333333, 0.9999999999999999]
[0.4, 0.6000000000000001, 0.8, 1.0]
[0.4, 0.6000000000000001, 0.8, 0.9666666666666667, 1.0]
[0.4, 0.6000000000000001, 0.8, 0.9666666666666667, 1.0]
[0.4, 0.6000000000000001, 0.8, 0.9666666666666667, 1.0]
[0.4, 0.6000000000000001, 0.8, 0.9666666666666667, 1.0]
[0.4, 0.6000000000000001, 0.8, 0.9666666666666667, 1.0]
[0.4, 0.6000000000000001, 0.8, 1.0]
[0.4, 0.6000000000000001, 0.7666666666666667, 0.9333333333333333, 0.9666666666666667]
[0.4, 0.6000000000000001, 0.7666666666666667, 0.9333333333333333, 0.9666666666666667]
[0.4, 0.6000000000000001, 0.8, 0.9666666666666667, 1.0]
[0.4, 0.6000000000000001, 0.8, 0.9666666666666667, 1.0]
[0.4, 0.6000000000000001, 0.8, 1.0]
[0.4, 0.6000000000000001, 0.8, 0.9666666666666667, 1.0]
[0.4, 0.6000000000000001, 0.8, 0.9666666666666667, 1.0]
[0.4, 0.6000000000000001, 0.7666666666666667, 0.9333333333333333, 0.9666666666666667]
[0.4, 0.6000000000000001, 0.8, 0.9666666666666667, 1.0]
[0.4, 0.6000000000000001, 0.8, 1.0]
[0.4, 0.6000000000000001, 0.8, 1.0]
[0.4, 0.6000000000000001, 0.8, 1.0]
[0.4, 0.6000000000000001, 0.8, 1.0]
[0.4, 0.6000000000000001, 0.8, 1.0]
[0.4, 0.6000000000000001, 0.8, 1.0]
[0.4, 0.6000000000000001, 0.8, 1.0]
[0.4, 0.6000000000000001, 0.8, 0.9666666666666667, 1.0]
[0.4, 0.6000000000000001, 0.8, 0.9666666666666667, 1.0]
[0.4, 0.6000000000000001, 0.8, 0.9666666666666667, 1.0]
[0.4, 0.6000000000000001, 0.8, 0.9666666666666667, 1.0]
[0.4, 0.6000000000000001, 0.8, 1.0]
[0.4, 0.6000000000000001, 0.8, 1.0]
[0.4, 0.6000000000000001, 0.8, 1.0]
[0.4, 0.6000000000000001, 0.8, 0.9666666666666667, 1.0]
[0.4, 0.6000000000000001, 0.8, 1.0]
[0.4, 0.6000000000000001, 0.8, 1.0]
[0.4, 0.6000000000000001, 0.8, 1.0]
[0.4, 0.6000000000000001, 0.8, 1.0]
[0.4, 0.6000000000000001, 0.8, 0.9666666666666667, 1.0]
[0.4, 0.6000000000000001, 0.8, 0.9666666666666667, 1.0]
[0.4, 0.6000000000000001, 0.8, 0.9666666666666667, 1.0]
[0.4, 0.6000000000000001, 0.8, 1.0]
[0.4, 0.6000000000000001, 0.8, 1.0]
[0.4, 0.6000000000000001, 0.8, 1.0]
[0.4, 0.6000000000000001, 0.8, 1.0]
[0.4, 0.6000000000000001, 0.8, 1.0]
[0.4, 0.6000000000000001, 0.8, 0.9666666666666667, 1.0]
[0.4, 0.6000000000000001, 0.8, 0.9666666666666667, 1.0]
[0.4, 0.6000000000000001, 0.8, 0.9666666666666667, 1.0]
[0.4, 0.6000000000000001, 0.8, 1.0]
[0.4, 0.6000000000000001, 0.8, 1.0]
[0.4, 0.6000000000000001, 0.8, 1.0]
[0.4, 0.6000000000000001, 0.8, 1.0]
[0.4, 0.6000000000000001, 0.8, 1.0]
[0.4, 0.6000000000000001, 0.8, 1.0]
[0.4, 0.6000000000000001, 0.8, 1.0]
[0.4, 0.6000000000000001, 0.7666666666666667, 0.9333333333333333, 0.9666666666666667]
[0.4, 0.6000000000000001, 0.7666666666666667, 0.9333333333333333, 0.9666666666666667]
[0.4, 0.6000000000000001, 0.7666666666666667, 0.9333333333333333, 0.9666666666666667]
[0.4, 0.6000000000000001, 0.7666666666666667, 0.9333333333333333, 0.9666666666666667]
[0.4, 0.6000000000000001, 0.8, 1.0]
[0.4, 0.6000000000000001, 0.8, 1.0]
[0.2, 0.4, 0.6000000000000001, 0.8, 1.0]
[0.23333333333333334, 0.43333333333333335, 0.6333333333333333, 0.8333333333333333, 0.9999999999999999]
[0.23333333333333334, 0.43333333333333335, 0.6333333333333333, 0.8333333333333333, 0.9999999999999999]
[0.23333333333333334, 0.43333333333333335, 0.6333333333333333, 0.8333333333333333, 0.9999999999999999]
[0.2, 0.4, 0.6000000000000001, 0.8, 1.0]
[0.2, 0.4, 0.6000000000000001, 0.8, 0.9666666666666667]
[0.2, 0.4, 0.6000000000000001, 0.8, 1.0]
