[1.0]
[0.8, 1.0]
[0.8, 1.0]
[0.8, 1.0]
[0.8, 1.0]
[0.8, 1.0]
[0.8, 1.0]
[0.8, 1.0]
[0.8, 1.0]
[0.8, 1.0]
[0.45, 0.8, 1.0]
[0.45, 0.8, 1.0]
[0.45, 0.8, 1.0]
[0.45, 0.8, 1.0]
[0.45, 0.8, 1.0]
[0.45, 0.8, 1.0]
[0.45, 0.8, 1.0]
[0.45, 0.8, 1.0]
[0.45, 0.8, 1.0]
[0.4, 0.75, 0.95, 1.0]
[0.4, 0.75, 0.95, 1.0]
[0.4, 0.75, 0.95, 1.0]
[0.4, 0.75, 0.95, 1.0]
[0.4, 0.75, 0.95, 1.0]
[0.4, 0.75, 0.95, 1.0]
[0.4, 0.75, 0.95, 1.0]
[0.4, 0.75, 0.95, 1.0]
[0.4, 0.75, 0.95, 1.0]
[0.4, 0.75, 0.95, 1.0]
[0.4, 0.6000000000000001, 0.8, 0.9500000000000001, 1.0]
[0.4, 0.6000000000000001, 0.8, 0.9500000000000001, 1.0]
[0.4, 0.6000000000000001, 0.8, 0.9500000000000001, 1.0]
[0.4, 0.6000000000000001, 0.8, 0.9500000000000001, 1.0]
[0.4, 0.6000000000000001, 0.8, 0.9500000000000001, 1.0]
[0.4, 0.6000000000000001, 0.8, 0.9500000000000001, 1.0]
[0.4, 0.6000000000000001, 0.8, 0.9500000000000001, 1.0]
[0.4, 0.6000000000000001, 0.8, 0.9500000000000001, 1.0]
[0.4, 0.6000000000000001, 0.8, 0.9500000000000001, 1.0]
[0.4, 0.6000000000000001, 0.8, 0.9500000000000001, 1.0]
[0.4, 0.6000000000000001, 0.8, 0.9500000000000001, 1.0]
[0.4, 0.6000000000000001, 0.8, 0.9500000000000001, 1.0]
[0.4, 0.6000000000000001, 0.8, 0.9500000000000001, 1.0]
[0.4, 0.6000000000000001, 0.8, 0.9500000000000001, 1.0]
[0.4, 0.6000000000000001, 0.8, 0.9500000000000001, 1.0]
[0.4, 0.6000000000000001, 0.8, 0.9500000000000001, 1.0]
[0.4, 0.6000000000000001, 0.8, 0.9500000000000001, 1.0]
[0.4, 0.6000000000000001, 0.8, 0.9500000000000001, 1.0]
[0.4, 0.6000000000000001, 0.8, 0.9500000000000001, 1.0]
[0.4, 0.6000000000000001, 0.8, 0.9500000000000001, 1.0]
[0.4, 0.6000000000000001, 0.8, 0.9500000000000001, 1.0]
[0.4, 0.6000000000000001, 0.8, 0.9500000000000001, 1.0]
[0.4, 0.6000000000000001, 0.8, 0.9500000000000001, 1.0]
[0.4, 0.6000000000000001, 0.8, 0.9500000000000001, 1.0]
[0.4, 0.6000000000000001, 0.8, 0.9500000000000001, 1.0]
[0.4, 0.6000000000000001, 0.8, 0.9500000000000001, 1.0]
[0.4, 0.6000000000000001, 0.8, 0.9500000000000001, 1.0]
[0.4, 0.6000000000000001, 0.8, 0.9500000000000001, 1.0]
[0.4, 0.6000000000000001, 0.8, 0.9500000000000001, 1.0]
[0.4, 0.6000000000000001, 0.8, 0.9500000000000001, 1.0]
[0.4, 0.6000000000000001, 0.8, 0.9500000000000001, 1.0]
[0.4, 0.6000000000000001, 0.8, 0.9500000000000001, 1.0]
[0.4, 0.6000000000000001, 0.8, 0.9500000000000001, 1.0]
[0.4, 0.6000000000000001, 0.8, 0.9500000000000001, 1.0]
[0.4, 0.6000000000000001, 0.8, 0.9500000000000001, 1.0]
[0.4, 0.6000000000000001, 0.8, 0.9500000000000001, 1.0]
[0.4, 0.6000000000000001, 0.8, 0.9500000000000001, 1.0]
[0.4, 0.6000000000000001, 0.8, 0.9500000000000001, 1.0]
[0.4, 0.6000000000000001, 0.8, 0.9500000000000001, 1.0]
[0.4, 0.6000000000000001, 0.8, 0.9500000000000001, 1.0]
[0.4, 0.6000000000000001, 0.8, 0.9500000000000001, 1.0]
[0.4, 0.6000000000000001, 0.8, 0.9500000000000001, 1.0]
[0.4, 0.6000000000000001, 0.8, 0.9500000000000001, 1.0]
[0.4, 0.6000000000000001, 0.8, 0.9500000000000001, 1.0]
[0.4, 0.6000000000000001, 0.8, 0.9500000000000001, 1.0]
[0.4, 0.6000000000000001, 0.8, 1.0]
[0.4, 0.6000000000000001, 0.8, 1.0]
[0.4, 0.6000000000000001, 0.8, 1.0]
[0.4, 0.6000000000000001, 0.8, 1.0]
[0.4, 0.6000000000000001, 0.8, 1.0]
[0.4, 0.6000000000000001, 0.8, 1.0]
[0.4, 0.6000000000000001, 0.8, 1.0]
[0.4, 0.6000000000000001, 0.8, 1.0]
[0.4, 0.6000000000000001, 0.8, 1.0]
[0.4, 0.6000000000000001, 0.8, 1.0]
[0.4, 0.6000000000000001, 0.8, 1.0]
[0.4, 0.6000000000000001, 0.8, 1.0]
[0.4, 0.6000000000000001, 0.8, 1.0]
[0.4, 0.6000000000000001, 0.8, 1.0]
[0.4, 0.6000000000000001, 0.8, 1.0]
[0.4, 0.6000000000000001, 0.8, 1.0]
[0.4, 0.6000000000000001, 0.8, 1.0]
[0.4, 0.6000000000000001, 0.8, 1.0]
[0.4, 0.6000000000000001, 0.8, 1.0]
[0.4, 0.6000000000000001, 0.8, 1.0]
[0.4, 0.6000000000000001, 0.8, 1.0]
[0.4, 0.6000000000000001, 0.8, 1.0]
[0.4, 0.6000000000000001, 0.8, 1.0]
[0.4, 0.6000000000000001, 0.8, 0.9500000000000001, 1.0]
[0.4, 0.6000000000000001, 0.8, 0.9500000000000001, 1.0]
[0.4, 0.6000000000000001, 0.8, 0.9500000000000001, 1.0]
[0.4, 0.6000000000000001, 0.8, 0.9500000000000001, 1.0]
[1.0]
[1.0]
[1.0]
[1.0]
[1.0]
[1.0]
[1.0]
[1.0]
[1.0]
[1.0]
[1.0]
[1.0]
[0.9, 1.0]
[0.8, 0.9500000000000001, 1.0]
[0.8, 0.9500000000000001, 1.0]
[0.8, 0.9500000000000001, 1.0]
[0.7, 0.8999999999999999, 0.9999999999999999]
[0.7, 0.8999999999999999, 0.9999999999999999]
[0.7, 0.8999999999999999, 0.9999999999999999]
[0.7, 0.8999999999999999, 0.9999999999999999]
[0.65, 0.8500000000000001, 1.0]
[0.6, 0.8, 1.0]
[0.6, 0.8, 1.0]
[0.6, 0.8, 1.0]
[0.6, 0.8, 1.0]
[0.6, 0.8, 1.0]
[0.6, 0.8, 1.0]
[0.6, 0.8, 1.0]
[0.6, 0.8, 1.0]
[0.6, 0.8, 1.0]
[0.6, 0.8, 1.0]
[0.6, 0.8, 1.0]
[0.6, 0.8, 1.0]
[0.6, 0.8, 1.0]
[0.6, 0.8, 1.0]
[0.6, 0.8, 1.0]
[0.6, 0.8, 1.0]
[0.6, 0.8, 1.0]
[0.6, 0.8, 1.0]
[0.6, 0.8, 1.0]
[0.6, 0.8, 1.0]
[0.6, 0.8, 1.0]
[0.6, 0.8, 1.0]
[0.6, 0.8, 1.0]
[0.6, 0.8, 1.0]
[0.6, 0.8, 1.0]
[0.6, 0.8, 1.0]
[0.6, 0.8, 1.0]
[0.6, 0.8, 1.0]
[0.6, 0.8, 1.0]
[0.6, 0.8, 1.0]
[0.6, 0.8, 1.0]
[0.6, 0.8, 1.0]
[0.6, 0.8, 1.0]
[0.6, 0.8, 1.0]
[0.6, 0.8, 1.0]
[0.6, 0.8, 1.0]
[0.6, 0.8, 1.0]
[0.6, 0.8, 1.0]
[0.6, 0.8, 1.0]
[0.6, 0.8, 1.0]
[0.6, 0.8, 1.0]
[0.6, 0.8, 1.0]
[0.6, 0.8, 1.0]
[0.6, 0.8, 1.0]
[0.6, 0.8, 1.0]
[0.6, 0.8, 1.0]
[0.6, 0.8, 1.0]
[0.6, 0.8, 1.0]
[0.6, 0.8, 1.0]
[0.6, 0.8, 1.0]
[0.6, 0.8, 1.0]
[0.6, 0.8, 1.0]
[0.6, 0.8, 1.0]
[0.6, 0.8, 1.0]
[0.6, 0.8, 1.0]
[0.6, 0.8, 1.0]
[0.6, 0.8, 1.0]
[0.6, 0.8, 1.0]
[0.6, 0.8, 1.0]
[0.6, 0.8, 1.0]
[0.6, 0.8, 1.0]
[0.6, 0.8, 1.0]
[0.6, 0.8, 1.0]
[0.6, 0.8, 1.0]
[0.6, 0.8, 1.0]
[0.6, 0.8, 1.0]
[0.6, 0.8, 1.0]
[0.6, 0.8, 1.0]
[0.6, 0.8, 1.0]
[0.6, 0.8, 1.0]
[0.6, 0.8, 1.0]
[0.6, 0.8, 1.0]
[0.6, 0.8, 1.0]
[0.6, 0.8, 1.0]
[0.6, 0.8, 1.0]
[0.6, 0.8, 1.0]
[0.6, 0.8, 1.0]
[0.6, 0.8, 1.0]
[0.6, 0.8, 1.0]
[0.6, 0.8, 1.0]
[1.0]
[1.0]
[0.8, 0.9, 1.0]
[0.7, 0.85, 0.95, 1.0]
[0.7, 0.85, 0.95, 1.0]
[0.7, 0.85, 0.95, 1.0]
[0.7, 0.85, 0.95, 1.0]
[0.7, 0.85, 0.95, 1.0]
[0.7, 0.85, 0.95, 1.0]
[0.7, 0.85, 0.95, 1.0]
[0.7, 0.85, 0.95, 1.0]
[0.7, 0.85, 0.95, 1.0]
[0.7, 0.85, 0.95, 1.0]
[0.65, 0.8500000000000001, 0.9500000000000001, 1.0]
[0.65, 0.8500000000000001, 0.9500000000000001, 1.0]
[0.65, 0.8500000000000001, 0.9500000000000001, 1.0]
[0.65, 0.8500000000000001, 0.9500000000000001, 1.0]
[0.65, 0.8500000000000001, 0.9500000000000001, 1.0]
[0.65, 0.8500000000000001, 0.9500000000000001, 1.0]
[0.65, 0.8500000000000001, 0.9500000000000001, 1.0]
[0.65, 0.8500000000000001, 0.9500000000000001, 1.0]
[0.65, 0.8500000000000001, 0.9500000000000001, 1.0]
[0.65, 0.8500000000000001, 0.9500000000000001, 1.0]
[0.65, 0.8500000000000001, 0.9500000000000001, 1.0]
[0.65, 0.8500000000000001, 0.9500000000000001, 1.0]
[0.65, 0.8500000000000001, 0.9500000000000001, 1.0]
[0.65, 0.8500000000000001, 0.9500000000000001, 1.0]
[0.65, 0.8500000000000001, 0.9500000000000001, 1.0]
[0.65, 0.8500000000000001, 0.9500000000000001, 1.0]
[0.65, 0.8500000000000001, 0.9500000000000001, 1.0]
[0.65, 0.8500000000000001, 0.9500000000000001, 1.0]
[0.65, 0.8500000000000001, 0.9500000000000001, 1.0]
[0.65, 0.8500000000000001, 0.9500000000000001, 1.0]
[0.65, 0.8500000000000001, 0.9500000000000001, 1.0]
[0.65, 0.8500000000000001, 0.9500000000000001, 1.0]
[0.65, 0.8500000000000001, 0.9500000000000001, 1.0]
[0.65, 0.8500000000000001, 0.9500000000000001, 1.0]
[0.65, 0.8500000000000001, 0.9500000000000001, 1.0]
[0.55, 0.75, 0.9, 0.9500000000000001, 1.0]
[0.55, 0.75, 0.9, 0.9500000000000001, 1.0]
[0.55, 0.75, 0.9, 0.9500000000000001, 1.0]
[0.55, 0.75, 0.9, 0.9500000000000001, 1.0]
[0.35, 0.55, 0.75, 0.9, 0.9500000000000001]
[0.35, 0.55, 0.75, 0.9, 0.9500000000000001]
[0.35, 0.55, 0.75, 0.9, 0.9500000000000001]
[0.35, 0.55, 0.75, 0.9, 0.9500000000000001]
[0.35, 0.55, 0.75, 0.9, 0.9500000000000001]
[0.35, 0.55, 0.75, 0.9, 0.9500000000000001]
[0.35, 0.55, 0.75, 0.9, 0.9500000000000001]
[0.35, 0.55, 0.75, 0.9, 0.9500000000000001]
[0.35, 0.55, 0.75, 0.9, 0.9500000000000001]
[0.35, 0.55, 0.75, 0.9, 0.9500000000000001]
[0.35, 0.55, 0.75, 0.9, 0.9500000000000001]
[0.35, 0.55, 0.75, 0.9, 0.9500000000000001]
[0.35, 0.55, 0.75, 0.9, 0.9500000000000001]
[0.35, 0.55, 0.75, 0.9, 0.9500000000000001]
[0.35, 0.55, 0.75, 0.9, 0.9500000000000001]
[0.35, 0.55, 0.75, 0.9, 0.9500000000000001]
[0.35, 0.55, 0.75, 0.9, 0.9500000000000001]
[0.35, 0.55, 0.75, 0.9, 0.9500000000000001]
[0.35, 0.55, 0.75, 0.9, 0.9500000000000001]
[0.35, 0.55, 0.75, 0.9, 0.9500000000000001]
[0.35, 0.55, 0.75, 0.9, 0.9500000000000001]
[0.35, 0.55, 0.75, 0.9, 0.9500000000000001]
[0.35, 0.55, 0.75, 0.9, 0.9500000000000001]
[0.35, 0.55, 0.75, 0.9, 0.9500000000000001]
[0.35, 0.55, 0.75, 0.9, 0.9500000000000001]
[0.35, 0.55, 0.75, 0.9, 0.9500000000000001]
[0.35, 0.55, 0.75, 0.9, 0.9500000000000001]
[0.35, 0.55, 0.75, 0.9, 0.9500000000000001]
[0.35, 0.55, 0.75, 0.9, 0.9500000000000001]
[0.35, 0.55, 0.75, 0.9, 0.9500000000000001]
[0.35, 0.55, 0.75, 0.9, 0.9500000000000001]
[0.35, 0.55, 0.75, 0.9, 0.9500000000000001]
[0.35, 0.55, 0.75, 0.9, 0.9500000000000001]
[0.35, 0.55, 0.75, 0.9, 0.9500000000000001]
[0.35, 0.55, 0.75, 0.9, 0.9500000000000001]
[0.35, 0.55, 0.75, 0.9, 0.9500000000000001]
[0.35, 0.55, 0.75, 0.9, 0.9500000000000001]
[0.35, 0.55, 0.75, 0.9, 0.9500000000000001]
[0.35, 0.55, 0.75, 0.9, 0.9500000000000001]
[0.35, 0.55, 0.75, 0.9, 0.9500000000000001]
[0.35, 0.55, 0.75, 0.9, 0.9500000000000001]
[0.35, 0.55, 0.75, 0.9, 0.9500000000000001]
[0.35, 0.55, 0.75, 0.9, 0.9500000000000001]
[0.35, 0.55, 0.75, 0.9, 0.9500000000000001]
[0.35, 0.55, 0.75, 0.9, 0.9500000000000001]
[0.35, 0.55, 0.75, 0.9, 0.9500000000000001]
[0.35, 0.55, 0.75, 0.9, 0.9500000000000001]
[0.35, 0.55, 0.75, 0.9, 0.9500000000000001]
[0.35, 0.55, 0.75, 0.9, 0.9500000000000001]
[0.35, 0.55, 0.75, 0.9, 0.9500000000000001]
[0.35, 0.55, 0.75, 0.9, 0.9500000000000001]
[0.35, 0.55, 0.75, 0.9, 0.9500000000000001]
[0.35, 0.55, 0.75, 0.9, 0.9500000000000001]
[0.35, 0.55, 0.75, 0.9, 0.9500000000000001]
[0.35, 0.55, 0.75, 0.9, 0.9500000000000001]
[0.35, 0.55, 0.75, 0.9, 0.9500000000000001]
[0.35, 0.55, 0.75, 0.9, 0.9500000000000001]
[0.35, 0.55, 0.75, 0.9, 0.9500000000000001]
[0.35, 0.55, 0.75, 0.9, 0.9500000000000001]
[1.0]
[1.0]
[1.0]
[1.0]
[0.9, 1.0]
[0.9, 1.0]
[0.9, 1.0]
[0.9, 1.0]
[0.9, 1.0]
[0.9, 1.0]
[0.7, 0.8999999999999999, 0.9999999999999999]
[0.7, 0.8999999999999999, 0.9999999999999999]
[0.7, 0.8999999999999999, 0.9999999999999999]
[0.7, 0.8999999999999999, 0.9999999999999999]
[0.7, 0.8999999999999999, 0.9999999999999999]
[0.7, 0.8999999999999999, 0.9999999999999999]
[0.7, 0.8999999999999999, 0.9999999999999999]
[0.6, 0.8, 0.9500000000000001, 1.0]
[0.6, 0.8, 0.9500000000000001, 1.0]
[0.6, 0.8, 0.9500000000000001, 1.0]
[0.6, 0.8, 0.9500000000000001, 1.0]
[0.6, 0.8, 0.9500000000000001, 1.0]
[0.5, 0.7, 0.8999999999999999, 0.95, 1.0]
[0.5, 0.7, 0.8999999999999999, 0.95, 1.0]
[0.5, 0.7, 0.8999999999999999, 0.95, 1.0]
[0.5, 0.7, 0.8999999999999999, 0.95, 1.0]
[0.5, 0.7, 0.8999999999999999, 0.95, 1.0]
[0.5, 0.7, 0.8999999999999999, 0.95, 1.0]
[0.5, 0.7, 0.8999999999999999, 0.95, 1.0]
[0.5, 0.7, 0.8999999999999999, 0.95, 1.0]
[0.5, 0.7, 0.8999999999999999, 0.95, 1.0]
[0.5, 0.7, 0.8999999999999999, 0.95, 1.0]
[0.4, 0.6000000000000001, 0.8, 0.9, 0.9500000000000001]
[0.4, 0.6000000000000001, 0.8, 0.9, 0.9500000000000001]
[0.4, 0.6000000000000001, 0.8, 0.9, 0.9500000000000001]
[0.4, 0.6000000000000001, 0.8, 0.9, 0.9500000000000001]
[0.25, 0.45, 0.65, 0.8, 0.9]
[0.25, 0.45, 0.65, 0.8, 0.9]
[0.25, 0.45, 0.65, 0.8, 0.9]
[0.25, 0.45, 0.65, 0.8, 0.9]
[0.25, 0.45, 0.65, 0.8, 0.9]
[0.25, 0.45, 0.65, 0.8, 0.9]
[0.25, 0.45, 0.65, 0.8, 0.9]
[0.25, 0.45, 0.65, 0.8, 0.9]
[0.25, 0.45, 0.65, 0.8, 0.9]
[0.25, 0.45, 0.65, 0.8, 0.9]
[0.25, 0.45, 0.65, 0.8, 0.9]
[0.25, 0.45, 0.65, 0.8, 0.9]
[0.25, 0.45, 0.65, 0.8, 0.9]
[0.25, 0.45, 0.65, 0.8, 0.9]
[0.25, 0.45, 0.65, 0.8, 0.9]
[0.25, 0.45, 0.65, 0.8, 0.9]
[0.25, 0.45, 0.65, 0.8, 0.9]
[0.25, 0.45, 0.65, 0.8, 0.9]
[0.25, 0.45, 0.65, 0.8, 0.9]
[0.25, 0.45, 0.65, 0.8, 0.9]
[0.25, 0.45, 0.65, 0.8, 0.9]
[0.25, 0.45, 0.65, 0.8, 0.9]
[0.25, 0.45, 0.65, 0.8, 0.9]
[0.25, 0.45, 0.65, 0.8, 0.9500000000000001]
[0.25, 0.45, 0.65, 0.8, 0.9500000000000001]
[0.25, 0.45, 0.65, 0.8, 0.9500000000000001]
[0.25, 0.45, 0.65, 0.8, 0.9500000000000001]
[0.25, 0.45, 0.65, 0.8, 0.9500000000000001]
[0.25, 0.45, 0.65, 0.8, 0.9500000000000001]
[0.25, 0.45, 0.65, 0.8, 0.9500000000000001]
[0.25, 0.45, 0.65, 0.8, 0.9500000000000001]
[0.25, 0.45, 0.65, 0.8, 0.9500000000000001]
[0.25, 0.45, 0.65, 0.8, 0.9500000000000001]
[0.25, 0.45, 0.65, 0.8, 0.9500000000000001]
[0.25, 0.45, 0.65, 0.8, 0.9500000000000001]
[0.25, 0.45, 0.65, 0.8, 0.9500000000000001]
[0.25, 0.45, 0.65, 0.8, 0.9500000000000001]
[0.25, 0.45, 0.65, 0.8, 0.9500000000000001]
[0.25, 0.45, 0.65, 0.8, 0.9500000000000001]
[0.25, 0.45, 0.65, 0.8, 0.9500000000000001]
[0.25, 0.45, 0.65, 0.8, 0.9500000000000001]
[0.25, 0.45, 0.65, 0.8, 0.9500000000000001]
[0.25, 0.45, 0.65, 0.8, 0.9500000000000001]
[0.25, 0.45, 0.65, 0.8, 0.9500000000000001]
[0.25, 0.45, 0.65, 0.8, 0.9500000000000001]
[0.25, 0.45, 0.65, 0.8, 0.9500000000000001]
[0.25, 0.45, 0.65, 0.8, 0.9500000000000001]
[0.25, 0.45, 0.65, 0.8, 0.9500000000000001]
[0.25, 0.45, 0.65, 0.8, 0.9500000000000001]
[0.25, 0.45, 0.65, 0.8, 0.9500000000000001]
[0.25, 0.45, 0.65, 0.8, 0.9500000000000001]
[0.25, 0.45, 0.65, 0.8, 0.9500000000000001]
[0.25, 0.45, 0.65, 0.8, 0.9500000000000001]
[0.25, 0.45, 0.65, 0.8, 0.9500000000000001]
[0.25, 0.45, 0.65, 0.8, 0.9500000000000001]
[0.25, 0.45, 0.65, 0.8, 0.9500000000000001]
[0.25, 0.45, 0.65, 0.8, 0.9500000000000001]
[0.25, 0.45, 0.65, 0.8, 0.9500000000000001]
[0.25, 0.45, 0.65, 0.8, 0.9500000000000001]
[0.25, 0.45, 0.65, 0.8, 0.9500000000000001]
[0.25, 0.45, 0.65, 0.8, 0.9500000000000001]
[0.25, 0.45, 0.65, 0.8, 0.9500000000000001]
[0.25, 0.45, 0.65, 0.8, 0.9500000000000001]
[0.25, 0.45, 0.65, 0.8, 0.9500000000000001]
[0.25, 0.45, 0.65, 0.8, 0.9500000000000001]
