[1.0]
[1.0]
[1.0]
[1.0]
[1.0]
[1.0]
[1.0]
[1.0]
[0.89, 0.11]
[0.89, 0.11]
[0.89, 0.11]
[0.89, 0.11]
[0.89, 0.11]
[0.82, 0.15, 0.03]
[0.82, 0.15, 0.03]
[0.82, 0.15, 0.03]
[0.82, 0.15, 0.03]
[0.82, 0.15, 0.03]
[1.0]
[0.97, 0.03]
[0.97, 0.03]
[0.97, 0.03]
[0.97, 0.03]
[0.97, 0.03]
[0.97, 0.03]
[0.97, 0.03]
[0.97, 0.03]
[0.97, 0.03]
[0.97, 0.03]
[0.91, 0.09]
[0.91, 0.09]
[0.91, 0.09]
[0.91, 0.09]
[0.78, 0.14, 0.07, 0.01]
[0.78, 0.14, 0.07, 0.01]
[0.78, 0.14, 0.07, 0.01]
[0.78, 0.14, 0.07, 0.01]
[0.78, 0.14, 0.07, 0.01]
[0.78, 0.14, 0.07, 0.01]
[0.78, 0.14, 0.07, 0.01]
[0.78, 0.14, 0.07, 0.01]
[0.78, 0.14, 0.07, 0.01]
[0.78, 0.14, 0.07, 0.01]
[0.79, 0.14, 0.07]
[0.79, 0.14, 0.07]
[0.79, 0.14, 0.07]
[0.79, 0.14, 0.07]
[0.79, 0.14, 0.07]
[0.79, 0.14, 0.07]
[0.79, 0.14, 0.07]
[1.0]
[0.97, 0.03]
[0.97, 0.03]
[0.97, 0.03]
[0.97, 0.03]
[0.97, 0.03]
[0.94, 0.03, 0.03]
[0.94, 0.03, 0.03]
[0.94, 0.03, 0.03]
[0.94, 0.03, 0.03]
[0.94, 0.03, 0.03]
[0.94, 0.03, 0.03]
[0.94, 0.03, 0.03]
[0.94, 0.03, 0.03]
[0.94, 0.03, 0.03]
[0.94, 0.03, 0.03]
[0.94, 0.03, 0.03]
[0.94, 0.03, 0.03]
[0.94, 0.03, 0.03]
[0.94, 0.03, 0.03]
[0.86, 0.11, 0.03]
[0.86, 0.11, 0.03]
[0.86, 0.11, 0.03]
[0.86, 0.11, 0.03]
[0.86, 0.11, 0.03]
[0.86, 0.11, 0.03]
[0.86, 0.11, 0.03]
[0.86, 0.11, 0.03]
[0.86, 0.11, 0.03]
[0.86, 0.11, 0.03]
[0.86, 0.11, 0.03]
[0.86, 0.11, 0.03]
[0.86, 0.11, 0.03]
[0.86, 0.11, 0.03]
[0.86, 0.11, 0.03]
[0.87, 0.1, 0.03]
[0.74, 0.16, 0.07, 0.03]
[0.67, 0.18, 0.12, 0.03]
[0.67, 0.18, 0.12, 0.03]
[0.67, 0.18, 0.12, 0.03]
[0.67, 0.18, 0.12, 0.03]
[0.62, 0.19, 0.16, 0.03]
[0.6, 0.19, 0.18, 0.03]
[0.6, 0.19, 0.18, 0.03]
[0.6, 0.19, 0.18, 0.03]
[0.6, 0.19, 0.18, 0.03]
[0.6, 0.19, 0.18, 0.03]
[0.6, 0.19, 0.18, 0.03]
[0.6, 0.19, 0.18, 0.03]
[0.6, 0.19, 0.18, 0.03]
[0.6, 0.19, 0.18, 0.03]
[0.6, 0.19, 0.18, 0.03]
[0.6, 0.19, 0.18, 0.03]
[0.59, 0.19, 0.19, 0.03]
[0.59, 0.19, 0.19, 0.03]
[0.59, 0.19, 0.19, 0.03]
[0.59, 0.19, 0.19, 0.03]
[0.59, 0.19, 0.19, 0.03]
[0.59, 0.19, 0.19, 0.03]
[0.59, 0.19, 0.19, 0.03]
[0.59, 0.19, 0.19, 0.03]
[0.59, 0.19, 0.19, 0.03]
[0.58, 0.2, 0.19, 0.03]
[0.58, 0.2, 0.19, 0.03]
[0.58, 0.2, 0.19, 0.03]
[0.58, 0.2, 0.19, 0.03]
[0.58, 0.2, 0.19, 0.03]
[0.58, 0.2, 0.19, 0.03]
[0.58, 0.2, 0.19, 0.03]
[0.58, 0.2, 0.19, 0.03]
[0.58, 0.2, 0.19, 0.03]
[0.58, 0.2, 0.19, 0.03]
[0.58, 0.2, 0.19, 0.03]
[0.58, 0.2, 0.19, 0.03]
[0.58, 0.2, 0.19, 0.03]
[0.58, 0.2, 0.19, 0.03]
[0.57, 0.2, 0.2, 0.03]
[0.57, 0.2, 0.2, 0.03]
[0.57, 0.2, 0.2, 0.03]
[0.57, 0.2, 0.2, 0.03]
[0.57, 0.2, 0.2, 0.03]
[0.57, 0.2, 0.2, 0.03]
[0.56, 0.2, 0.2, 0.03, 0.01]
[0.56, 0.2, 0.2, 0.03, 0.01]
[0.56, 0.2, 0.2, 0.03, 0.01]
[0.56, 0.2, 0.2, 0.03, 0.01]
[0.56, 0.2, 0.2, 0.03, 0.01]
[0.56, 0.2, 0.2, 0.03, 0.01]
[0.56, 0.2, 0.2, 0.03, 0.01]
[0.56, 0.2, 0.2, 0.03, 0.01]
[0.56, 0.2, 0.2, 0.03, 0.01]
[0.56, 0.2, 0.2, 0.03, 0.01]
[0.56, 0.2, 0.19, 0.03, 0.01, 0.01]
[0.56, 0.2, 0.19, 0.03, 0.01, 0.01]
[0.56, 0.2, 0.19, 0.03, 0.01, 0.01]
[0.56, 0.2, 0.19, 0.03, 0.01, 0.01]
[0.56, 0.2, 0.19, 0.03, 0.01, 0.01]
[0.56, 0.2, 0.19, 0.03, 0.01, 0.01]
[0.56, 0.2, 0.19, 0.03, 0.01, 0.01]
[0.56, 0.2, 0.19, 0.03, 0.01, 0.01]
[0.56, 0.2, 0.19, 0.03, 0.01, 0.01]
[1.0]
[1.0]
[1.0]
[1.0]
[1.0]
[0.94, 0.06]
[0.94, 0.06]
[0.94, 0.06]
[0.94, 0.06]
[0.94, 0.06]
[0.94, 0.06]
[0.88, 0.12]
[0.88, 0.12]
[0.88, 0.12]
[0.88, 0.12]
[0.88, 0.12]
[0.79, 0.15, 0.06]
[0.79, 0.15, 0.06]
[0.69, 0.16, 0.13, 0.01, 0.01]
[0.69, 0.16, 0.13, 0.01, 0.01]
[0.69, 0.16, 0.13, 0.01, 0.01]
[0.69, 0.16, 0.13, 0.01, 0.01]
[0.69, 0.16, 0.13, 0.01, 0.01]
[0.69, 0.16, 0.13, 0.01, 0.01]
[0.69, 0.16, 0.13, 0.01, 0.01]
[0.69, 0.16, 0.13, 0.01, 0.01]
[0.69, 0.16, 0.13, 0.01, 0.01]
[0.69, 0.16, 0.13, 0.01, 0.01]
[0.69, 0.16, 0.13, 0.01, 0.01]
[0.69, 0.16, 0.13, 0.01, 0.01]
[0.69, 0.16, 0.13, 0.01, 0.01]
[0.69, 0.16, 0.13, 0.01, 0.01]
[0.69, 0.16, 0.13, 0.01, 0.01]
[0.69, 0.16, 0.13, 0.01, 0.01]
[0.69, 0.16, 0.13, 0.01, 0.01]
[0.69, 0.16, 0.13, 0.01, 0.01]
[0.69, 0.16, 0.13, 0.01, 0.01]
[0.69, 0.16, 0.13, 0.01, 0.01]
[0.69, 0.16, 0.13, 0.01, 0.01]
[0.69, 0.16, 0.13, 0.01, 0.01]
[0.69, 0.16, 0.13, 0.01, 0.01]
[0.66, 0.17, 0.15, 0.01, 0.01]
[0.66, 0.17, 0.15, 0.01, 0.01]
[0.66, 0.17, 0.15, 0.01, 0.01]
[0.62, 0.18, 0.18, 0.01, 0.01]
[0.62, 0.18, 0.18, 0.01, 0.01]
[0.62, 0.18, 0.18, 0.01, 0.01]
[0.62, 0.18, 0.18, 0.01, 0.01]
[0.62, 0.18, 0.18, 0.01, 0.01]
[0.62, 0.18, 0.18, 0.01, 0.01]
[0.62, 0.18, 0.18, 0.01, 0.01]
[0.62, 0.18, 0.18, 0.01, 0.01]
[0.62, 0.18, 0.18, 0.01, 0.01]
[0.62, 0.18, 0.18, 0.01, 0.01]
[0.62, 0.18, 0.18, 0.01, 0.01]
[0.62, 0.18, 0.18, 0.01, 0.01]
[0.62, 0.18, 0.18, 0.01, 0.01]
[0.62, 0.18, 0.18, 0.01, 0.01]
[0.62, 0.18, 0.18, 0.01, 0.01]
[0.62, 0.18, 0.18, 0.01, 0.01]
[0.62, 0.18, 0.18, 0.01, 0.01]
[0.62, 0.18, 0.18, 0.01, 0.01]
[0.59, 0.2, 0.18, 0.01, 0.01, 0.01]
[0.59, 0.2, 0.18, 0.01, 0.01, 0.01]
[0.59, 0.2, 0.18, 0.01, 0.01, 0.01]
[0.59, 0.2, 0.18, 0.01, 0.01, 0.01]
[0.59, 0.2, 0.18, 0.01, 0.01, 0.01]
[0.59, 0.2, 0.18, 0.01, 0.01, 0.01]
[0.59, 0.2, 0.18, 0.01, 0.01, 0.01]
[0.59, 0.2, 0.18, 0.01, 0.01, 0.01]
[0.59, 0.2, 0.18, 0.01, 0.01, 0.01]
[0.59, 0.2, 0.18, 0.01, 0.01, 0.01]
[0.59, 0.2, 0.18, 0.01, 0.01, 0.01]
[0.59, 0.2, 0.18, 0.01, 0.01, 0.01]
[0.59, 0.2, 0.18, 0.01, 0.01, 0.01]
[0.59, 0.2, 0.18, 0.01, 0.01, 0.01]
[0.59, 0.2, 0.18, 0.01, 0.01, 0.01]
[0.59, 0.2, 0.18, 0.01, 0.01, 0.01]
[0.59, 0.2, 0.18, 0.01, 0.01, 0.01]
[0.59, 0.2, 0.18, 0.01, 0.01, 0.01]
[0.59, 0.2, 0.18, 0.01, 0.01, 0.01]
[0.59, 0.2, 0.18, 0.01, 0.01, 0.01]
[0.59, 0.2, 0.18, 0.01, 0.01, 0.01]
[0.59, 0.2, 0.18, 0.01, 0.01, 0.01]
[0.59, 0.2, 0.18, 0.01, 0.01, 0.01]
[0.59, 0.2, 0.18, 0.01, 0.01, 0.01]
[0.59, 0.2, 0.18, 0.01, 0.01, 0.01]
[0.59, 0.2, 0.18, 0.01, 0.01, 0.01]
[0.59, 0.2, 0.18, 0.01, 0.01, 0.01]
[0.59, 0.2, 0.18, 0.01, 0.01, 0.01]
[0.59, 0.2, 0.18, 0.01, 0.01, 0.01]
[0.59, 0.2, 0.18, 0.01, 0.01, 0.01]
[0.59, 0.2, 0.18, 0.01, 0.01, 0.01]
[0.59, 0.2, 0.18, 0.01, 0.01, 0.01]
[0.59, 0.2, 0.18, 0.01, 0.01, 0.01]
[0.59, 0.2, 0.18, 0.01, 0.01, 0.01]
[0.59, 0.2, 0.18, 0.01, 0.01, 0.01]
[0.59, 0.2, 0.18, 0.01, 0.01, 0.01]
[0.59, 0.2, 0.18, 0.01, 0.01, 0.01]
[0.59, 0.2, 0.18, 0.01, 0.01, 0.01]
[0.59, 0.2, 0.18, 0.01, 0.01, 0.01]
