[1.0]
[1.0]
[1.0]
[1.0]
[1.0]
[1.0]
[1.0]
[1.0]
[0.89, 1.0]
[0.89, 1.0]
[0.89, 1.0]
[0.89, 1.0]
[0.89, 1.0]
[0.82, 0.97, 1.0]
[0.82, 0.97, 1.0]
[0.82, 0.97, 1.0]
[0.82, 0.97, 1.0]
[0.82, 0.97, 1.0]
[1.0]
[0.97, 1.0]
[0.97, 1.0]
[0.97, 1.0]
[0.97, 1.0]
[0.97, 1.0]
[0.97, 1.0]
[0.97, 1.0]
[0.97, 1.0]
[0.97, 1.0]
[0.97, 1.0]
[0.91, 1.0]
[0.91, 1.0]
[0.91, 1.0]
[0.91, 1.0]
[0.78, 0.92, 0.99, 1.0]
[0.78, 0.92, 0.99, 1.0]
[0.78, 0.92, 0.99, 1.0]
[0.78, 0.92, 0.99, 1.0]
[0.78, 0.92, 0.99, 1.0]
[0.78, 0.92, 0.99, 1.0]
[0.78, 0.92, 0.99, 1.0]
[0.78, 0.92, 0.99, 1.0]
[0.78, 0.92, 0.99, 1.0]
[0.78, 0.92, 0.99, 1.0]
[0.79, 0.93, 1.0]
[0.79, 0.93, 1.0]
[0.79, 0.93, 1.0]
[0.79, 0.93, 1.0]
[0.79, 0.93, 1.0]
[0.79, 0.93, 1.0]
[0.79, 0.93, 1.0]
[1.0]
[0.97, 1.0]
[0.97, 1.0]
[0.97, 1.0]
[0.97, 1.0]
[0.97, 1.0]
[0.94, 0.97, 1.0]
[0.94, 0.97, 1.0]
[0.94, 0.97, 1.0]
[0.94, 0.97, 1.0]
[0.94, 0.97, 1.0]
[0.94, 0.97, 1.0]
[0.94, 0.97, 1.0]
[0.94, 0.97, 1.0]
[0.94, 0.97, 1.0]
[0.94, 0.97, 1.0]
[0.94, 0.97, 1.0]
[0.94, 0.97, 1.0]
[0.94, 0.97, 1.0]
[0.94, 0.97, 1.0]
[0.86, 0.97, 1.0]
[0.86, 0.97, 1.0]
[0.86, 0.97, 1.0]
[0.86, 0.97, 1.0]
[0.86, 0.97, 1.0]
[0.86, 0.97, 1.0]
[0.86, 0.97, 1.0]
[0.86, 0.97, 1.0]
[0.86, 0.97, 1.0]
[0.86, 0.97, 1.0]
[0.86, 0.97, 1.0]
[0.86, 0.97, 1.0]
[0.86, 0.97, 1.0]
[0.86, 0.97, 1.0]
[0.86, 0.97, 1.0]
[0.87, 0.97, 1.0]
[0.74, 0.9, 0.97, 1.0]
[0.67, 0.8500000000000001, 0.9700000000000001, 1.0]
[0.67, 0.8500000000000001, 0.9700000000000001, 1.0]
[0.67, 0.8500000000000001, 0.9700000000000001, 1.0]
[0.67, 0.8500000000000001, 0.9700000000000001, 1.0]
[0.62, 0.81, 0.9700000000000001, 1.0]
[0.6, 0.79, 0.97, 1.0]
[0.6, 0.79, 0.97, 1.0]
[0.6, 0.79, 0.97, 1.0]
[0.6, 0.79, 0.97, 1.0]
[0.6, 0.79, 0.97, 1.0]
[0.6, 0.79, 0.97, 1.0]
[0.6, 0.79, 0.97, 1.0]
[0.6, 0.79, 0.97, 1.0]
[0.6, 0.79, 0.97, 1.0]
[0.6, 0.79, 0.97, 1.0]
[0.6, 0.79, 0.97, 1.0]
[0.59, 0.78, 0.97, 1.0]
[0.59, 0.78, 0.97, 1.0]
[0.59, 0.78, 0.97, 1.0]
[0.59, 0.78, 0.97, 1.0]
[0.59, 0.78, 0.97, 1.0]
[0.59, 0.78, 0.97, 1.0]
[0.59, 0.78, 0.97, 1.0]
[0.59, 0.78, 0.97, 1.0]
[0.59, 0.78, 0.97, 1.0]
[0.58, 0.78, 0.97, 1.0]
[0.58, 0.78, 0.97, 1.0]
[0.58, 0.78, 0.97, 1.0]
[0.58, 0.78, 0.97, 1.0]
[0.58, 0.78, 0.97, 1.0]
[0.58, 0.78, 0.97, 1.0]
[0.58, 0.78, 0.97, 1.0]
[0.58, 0.78, 0.97, 1.0]
[0.58, 0.78, 0.97, 1.0]
[0.58, 0.78, 0.97, 1.0]
[0.58, 0.78, 0.97, 1.0]
[0.58, 0.78, 0.97, 1.0]
[0.58, 0.78, 0.97, 1.0]
[0.58, 0.78, 0.97, 1.0]
[0.57, 0.77, 0.97, 1.0]
[0.57, 0.77, 0.97, 1.0]
[0.57, 0.77, 0.97, 1.0]
[0.57, 0.77, 0.97, 1.0]
[0.57, 0.77, 0.97, 1.0]
[0.57, 0.77, 0.97, 1.0]
[0.56, 0.76, 0.96, 0.99, 1.0]
[0.56, 0.76, 0.96, 0.99, 1.0]
[0.56, 0.76, 0.96, 0.99, 1.0]
[0.56, 0.76, 0.96, 0.99, 1.0]
[0.56, 0.76, 0.96, 0.99, 1.0]
[0.56, 0.76, 0.96, 0.99, 1.0]
[0.56, 0.76, 0.96, 0.99, 1.0]
[0.56, 0.76, 0.96, 0.99, 1.0]
[0.56, 0.76, 0.96, 0.99, 1.0]
[0.56, 0.76, 0.96, 0.99, 1.0]
[0.56, 0.76, 0.95, 0.98, 0.99]
[0.56, 0.76, 0.95, 0.98, 0.99]
[0.56, 0.76, 0.95, 0.98, 0.99]
[0.56, 0.76, 0.95, 0.98, 0.99]
[0.56, 0.76, 0.95, 0.98, 0.99]
[0.56, 0.76, 0.95, 0.98, 0.99]
[0.56, 0.76, 0.95, 0.98, 0.99]
[0.56, 0.76, 0.95, 0.98, 0.99]
[0.56, 0.76, 0.95, 0.98, 0.99]
[1.0]
[1.0]
[1.0]
[1.0]
[1.0]
[0.94, 1.0]
[0.94, 1.0]
[0.94, 1.0]
[0.94, 1.0]
[0.94, 1.0]
[0.94, 1.0]
[0.88, 1.0]
[0.88, 1.0]
[0.88, 1.0]
[0.88, 1.0]
[0.88, 1.0]
[0.79, 0.9400000000000001, 1.0]
[0.79, 0.9400000000000001, 1.0]
[0.69, 0.85, 0.98, 0.99, 1.0]
[0.69, 0.85, 0.98, 0.99, 1.0]
[0.69, 0.85, 0.98, 0.99, 1.0]
[0.69, 0.85, 0.98, 0.99, 1.0]
[0.69, 0.85, 0.98, 0.99, 1.0]
[0.69, 0.85, 0.98, 0.99, 1.0]
[0.69, 0.85, 0.98, 0.99, 1.0]
[0.69, 0.85, 0.98, 0.99, 1.0]
[0.69, 0.85, 0.98, 0.99, 1.0]
[0.69, 0.85, 0.98, 0.99, 1.0]
[0.69, 0.85, 0.98, 0.99, 1.0]
[0.69, 0.85, 0.98, 0.99, 1.0]
[0.69, 0.85, 0.98, 0.99, 1.0]
[0.69, 0.85, 0.98, 0.99, 1.0]
[0.69, 0.85, 0.98, 0.99, 1.0]
[0.69, 0.85, 0.98, 0.99, 1.0]
[0.69, 0.85, 0.98, 0.99, 1.0]
[0.69, 0.85, 0.98, 0.99, 1.0]
[0.69, 0.85, 0.98, 0.99, 1.0]
[0.69, 0.85, 0.98, 0.99, 1.0]
[0.69, 0.85, 0.98, 0.99, 1.0]
[0.69, 0.85, 0.98, 0.99, 1.0]
[0.69, 0.85, 0.98, 0.99, 1.0]
[0.66, 0.8300000000000001, 0.9800000000000001, 0.9900000000000001, 1.0]
[0.66, 0.8300000000000001, 0.9800000000000001, 0.9900000000000001, 1.0]
[0.66, 0.8300000000000001, 0.9800000000000001, 0.9900000000000001, 1.0]
[0.62, 0.8, 0.98, 0.99, 1.0]
[0.62, 0.8, 0.98, 0.99, 1.0]
[0.62, 0.8, 0.98, 0.99, 1.0]
[0.62, 0.8, 0.98, 0.99, 1.0]
[0.62, 0.8, 0.98, 0.99, 1.0]
[0.62, 0.8, 0.98, 0.99, 1.0]
[0.62, 0.8, 0.98, 0.99, 1.0]
[0.62, 0.8, 0.98, 0.99, 1.0]
[0.62, 0.8, 0.98, 0.99, 1.0]
[0.62, 0.8, 0.98, 0.99, 1.0]
[0.62, 0.8, 0.98, 0.99, 1.0]
[0.62, 0.8, 0.98, 0.99, 1.0]
[0.62, 0.8, 0.98, 0.99, 1.0]
[0.62, 0.8, 0.98, 0.99, 1.0]
[0.62, 0.8, 0.98, 0.99, 1.0]
[0.62, 0.8, 0.98, 0.99, 1.0]
[0.62, 0.8, 0.98, 0.99, 1.0]
[0.62, 0.8, 0.98, 0.99, 1.0]
[0.59, 0.79, 0.97, 0.98, 0.99]
[0.59, 0.79, 0.97, 0.98, 0.99]
[0.59, 0.79, 0.97, 0.98, 0.99]
[0.59, 0.79, 0.97, 0.98, 0.99]
[0.59, 0.79, 0.97, 0.98, 0.99]
[0.59, 0.79, 0.97, 0.98, 0.99]
[0.59, 0.79, 0.97, 0.98, 0.99]
[0.59, 0.79, 0.97, 0.98, 0.99]
[0.59, 0.79, 0.97, 0.98, 0.99]
[0.59, 0.79, 0.97, 0.98, 0.99]
[0.59, 0.79, 0.97, 0.98, 0.99]
[0.59, 0.79, 0.97, 0.98, 0.99]
[0.59, 0.79, 0.97, 0.98, 0.99]
[0.59, 0.79, 0.97, 0.98, 0.99]
[0.59, 0.79, 0.97, 0.98, 0.99]
[0.59, 0.79, 0.97, 0.98, 0.99]
[0.59, 0.79, 0.97, 0.98, 0.99]
[0.59, 0.79, 0.97, 0.98, 0.99]
[0.59, 0.79, 0.97, 0.98, 0.99]
[0.59, 0.79, 0.97, 0.98, 0.99]
[0.59, 0.79, 0.97, 0.98, 0.99]
[0.59, 0.79, 0.97, 0.98, 0.99]
[0.59, 0.79, 0.97, 0.98, 0.99]
[0.59, 0.79, 0.97, 0.98, 0.99]
[0.59, 0.79, 0.97, 0.98, 0.99]
[0.59, 0.79, 0.97, 0.98, 0.99]
[0.59, 0.79, 0.97, 0.98, 0.99]
[0.59, 0.79, 0.97, 0.98, 0.99]
[0.59, 0.79, 0.97, 0.98, 0.99]
[0.59, 0.79, 0.97, 0.98, 0.99]
[0.59, 0.79, 0.97, 0.98, 0.99]
[0.59, 0.79, 0.97, 0.98, 0.99]
[0.59, 0.79, 0.97, 0.98, 0.99]
[0.59, 0.79, 0.97, 0.98, 0.99]
[0.59, 0.79, 0.97, 0.98, 0.99]
[0.59, 0.79, 0.97, 0.98, 0.99]
[0.59, 0.79, 0.97, 0.98, 0.99]
[0.59, 0.79, 0.97, 0.98, 0.99]
[0.59, 0.79, 0.97, 0.98, 0.99]
