1 1.013279e-6
2 3.993511e-6
3 9.000301e-6
4 1.5974045e-5
5 2.4974346e-5
6 3.6001205e-5
7 4.8995018e-5
8 6.401539e-5
9 8.100271e-5
10 1.00016594e-4
11 1.2099743e-4
12 1.4400482e-4
13 1.6897917e-4
14 1.9598007e-4
15 2.2494793e-4
16 2.5594234e-4
17 2.8896332e-4
18 3.2395124e-4
19 3.6096573e-4
20 3.9994717e-4
21 4.4089556e-4
22 4.838705e-4
23 5.28872e-4
24 5.758405e-4
25 6.248355e-4
26 6.7579746e-4
27 7.287264e-4
28 7.8368187e-4
29 8.406639e-4
30 8.996129e-4
31 9.6052885e-4
32 0.0010234714
33 0.0010884404
34 0.0011553764
35 0.0012242794
36 0.0012952089
37 0.0013681054
38 0.0014429688
39 0.0015198588
40 0.0015987754
41 0.0016795993
42 0.0017625093
43 0.0018473268
44 0.0019341707
45 0.0020229816
46 0.0021138191
47 0.0022066236
48 0.002301395
49 0.0023981929
50 0.0024969578
51 0.0025976896
52 0.0027003884
53 0.0028051138
54 0.002911806
55 0.003020525
56 0.0031311512
57 0.003243804
58 0.0033584237
59 0.00347507
60 0.0035936236
61 0.0037142038
62 0.003836751
63 0.003961265
64 0.004087746
65 0.004216194
66 0.0043466687
67 0.0044791102
68 0.004613459
69 0.0047498345
70 0.004888177
71 0.0050284863
72 0.0051707625
73 0.005315006
74 0.005461216
75 0.005609393
76 0.005759597
77 0.005911708
78 0.006065786
79 0.006221831
80 0.0063798428
81 0.006539762
82 0.006701708
83 0.0068656206
84 0.0070314407
85 0.0071992874
86 0.0073690414
87 0.0075407624
88 0.0077144504
89 0.007890046
90 0.0080676675
91 0.008247197
92 0.008428693
93 0.008612096
94 0.008797467
95 0.008984804
96 0.0091741085
97 0.00936532
98 0.009558499
99 0.009753585
100 0.009950638
101 0.010149658
102 0.010350585
103 0.010553479
104 0.010758281
105 0.010965049
106 0.011173725
107 0.011384308
108 0.0115968585
109 0.011811316
110 0.0120277405
111 0.012246072
112 0.012466371
113 0.012688518
114 0.012912631
115 0.013138711
116 0.01336664
117 0.013596535
118 0.013828337
119 0.014062047
120 0.014297664
121 0.014535189
122 0.01477468
123 0.015016019
124 0.0152593255
125 0.015504539
126 0.0157516
127 0.016000628
128 0.016251564
129 0.016504347
130 0.016759098
131 0.017015696
132 0.0172742
133 0.017534614
134 0.017796934
135 0.018061161
136 0.018327236
137 0.018595219
138 0.018865108
139 0.019136846
140 0.019410491
141 0.019686043
142 0.019963443
143 0.02024275
144 0.020523965
145 0.020807028
146 0.021091938
147 0.021378756
148 0.02166742
149 0.021957994
150 0.022250414
151 0.022544682
152 0.022840858
153 0.02313888
154 0.023438752
155 0.02374053
156 0.024044096
157 0.02434957
158 0.024656892
159 0.024966061
160 0.025277078
161 0.025589943
162 0.025904715
163 0.026221275
164 0.026539683
165 0.02685994
166 0.027182043
167 0.027505934
168 0.027831733
169 0.02815932
170 0.028488755
171 0.028820038
172 0.029153168
173 0.029488087
174 0.029824853
175 0.030163407
176 0.03050381
177 0.030846
178 0.031190038
179 0.031535923
180 0.031883538
181 0.03223306
182 0.03258431
183 0.032937407
184 0.033292294
185 0.033649027
186 0.03400749
187 0.0343678
188 0.034729898
189 0.035093784
190 0.03545946
191 0.03582692
192 0.03619623
193 0.03656727
194 0.036940098
195 0.037314713
196 0.037691116
197 0.03806925
198 0.038449228
199 0.038830936
200 0.039214432
201 0.039599657
202 0.03998667
203 0.04037547
204 0.040766
205 0.04115832
206 0.041552365
207 0.0419482
208 0.042345762
209 0.042745113
210 0.043146193
211 0.043549
212 0.043953538
213 0.044359863
214 0.044767857
215 0.04517764
216 0.04558915
217 0.046002388
218 0.046417356
219 0.04683405
220 0.047252476
221 0.04767263
222 0.04809445
223 0.04851806
224 0.04894334
225 0.04937035
226 0.049799025
227 0.05022943
228 0.050661564
229 0.051095366
230 0.051530898
231 0.051968157
232 0.052407026
233 0.052847624
234 0.05328995
235 0.053733945
236 0.05417961
237 0.05462694
238 0.055075943
239 0.055526674
240 0.055979013
241 0.05643308
242 0.05688882
243 0.057346165
244 0.05780524
245 0.058265924
246 0.058728278
247 0.0591923
248 0.05965799
249 0.06012529
250 0.06059426
251 0.0610649
252 0.061537147
253 0.062011063
254 0.06248659
255 0.062963724
256 0.06344253
257 0.06392294
258 0.064405024
259 0.064888656
260 0.06537396
261 0.06586087
262 0.06634939
263 0.066839516
264 0.067331254
265 0.0678246
266 0.06831956
267 0.068816125
268 0.0693143
269 0.06981403
270 0.07031536
271 0.070818305
272 0.0713228
273 0.0718289
274 0.072336555
275 0.07284582
276 0.07335663
277 0.07386905
278 0.07438302
279 0.07489854
280 0.07541561
281 0.07593429
282 0.07645452
283 0.0769763
284 0.07749957
285 0.07802445
286 0.078550875
287 0.07907879
288 0.07960832
289 0.08013934
290 0.08067191
291 0.081205964
292 0.08174163
293 0.08227873
294 0.082817435
295 0.08335757
296 0.08389926
297 0.0844425
298 0.08498722
299 0.08553344
300 0.08608115
301 0.086630404
302 0.08718109
303 0.08773333
304 0.088286996
305 0.08884221
306 0.08939886
307 0.08995706
308 0.09051669
309 0.091077805
310 0.09164035
311 0.09220439
312 0.09276992
313 0.09333688
314 0.09390533
315 0.09447521
316 0.09504658
317 0.09561932
318 0.09619361
319 0.09676927
320 0.097346365
321 0.09792495
322 0.0985049
323 0.099086344
324 0.09966916
325 0.10025346
326 0.10083914
327 0.101426244
328 0.10201478
329 0.10260469
330 0.103196025
331 0.10378873
332 0.10438287
333 0.10497844
334 0.10557538
335 0.106173694
336 0.10677338
337 0.10737449
338 0.10797697
339 0.10858083
340 0.10918605
341 0.10979259
342 0.11040056
343 0.111009896
344 0.111620605
345 0.112232625
346 0.11284602
347 0.11346078
348 0.11407685
349 0.1146943
350 0.11531305
351 0.11593318
352 0.11655462
353 0.11717737
354 0.11780149
355 0.11842692
356 0.11905366
357 0.119681716
358 0.12031108
359 0.12094176
360 0.121573746
361 0.122207046
362 0.122841656
363 0.12347752
364 0.12411469
365 0.12475318
366 0.12539291
367 0.1260339
368 0.12667626
369 0.12731981
370 0.12796468
371 0.12861079
372 0.12925816
373 0.12990683
374 0.1305567
375 0.13120788
376 0.13186026
377 0.13251388
378 0.13316882
379 0.13382494
380 0.13448226
381 0.1351409
382 0.13580072
383 0.13646173
384 0.137124
385 0.13778752
386 0.13845223
387 0.13911813
388 0.13978523
389 0.14045358
390 0.14112312
391 0.14179379
392 0.14246571
393 0.14313883
394 0.14381313
395 0.14448857
396 0.1451652
397 0.14584303
398 0.14652199
399 0.1472022
400 0.14788347
401 0.14856595
402 0.14924961
403 0.14993441
404 0.15062034
405 0.1513074
406 0.1519956
407 0.15268499
408 0.15337545
409 0.1540671
410 0.15475982
411 0.15545368
412 0.15614867
413 0.1568448
414 0.15754199
415 0.15824032
416 0.15893978
417 0.15964031
418 0.16034192
419 0.16104466
420 0.16174847
421 0.16245335
422 0.16315931
423 0.1638664
424 0.1645745
425 0.16528374
426 0.16599399
427 0.16670531
428 0.1674177
429 0.16813117
430 0.16884565
431 0.1695612
432 0.17027777
433 0.17099541
434 0.17171407
435 0.1724338
436 0.17315453
437 0.17387629
438 0.17459905
439 0.17532283
440 0.17604768
441 0.17677349
442 0.17750031
443 0.17822814
444 0.17895699
445 0.17968678
446 0.18041766
447 0.18114942
448 0.1818822
449 0.182616
450 0.18335074
451 0.18408644
452 0.18482316
453 0.18556082
454 0.18629938
455 0.18703896
456 0.18777949
457 0.18852097
458 0.1892634
459 0.19000673
460 0.19075108
461 0.19149625
462 0.19224244
463 0.19298953
464 0.19373757
465 0.1944865
466 0.19523633
467 0.1959871
468 0.19673872
469 0.19749129
470 0.19824475
471 0.19899917
472 0.19975442
473 0.20051056
474 0.20126754
475 0.20202547
476 0.20278424
477 0.2035439
478 0.20430446
479 0.20506585
480 0.20582807
481 0.20659119
482 0.20735514
483 0.20811993
484 0.20888561
485 0.20965213
486 0.21041942
487 0.2111876
488 0.21195662
489 0.21272641
490 0.2134971
491 0.21426857
492 0.2150408
493 0.21581393
494 0.21658778
495 0.21736252
496 0.21813798
497 0.21891427
498 0.2196914
499 0.22046924
500 0.22124791
501 0.22202736
502 0.22280753
503 0.22358853
504 0.2243703
505 0.22515279
506 0.22593606
507 0.2267201
508 0.22750485
509 0.22829038
510 0.22907668
511 0.2298637
512 0.23065144
513 0.23143989
514 0.23222911
515 0.23301905
516 0.23380971
517 0.23460108
518 0.23539317
519 0.23618597
520 0.23697948
521 0.23777366
522 0.23856854
523 0.23936415
524 0.2401604
525 0.24095738
526 0.24175507
527 0.24255335
528 0.24335235
529 0.24415207
530 0.24495238
531 0.24575341
532 0.24655503
533 0.24735737
534 0.2481603
535 0.24896395
536 0.2497682
537 0.25057304
538 0.2513786
539 0.25218475
540 0.25299156
541 0.25379896
542 0.25460696
543 0.25541562
544 0.25622487
545 0.25703472
546 0.25784516
547 0.25865626
548 0.2594679
549 0.2602802
550 0.26109302
551 0.26190645
552 0.2627204
553 0.26353502
554 0.26435018
555 0.26516587
556 0.26598215
557 0.26679903
558 0.26761645
559 0.2684344
560 0.2692529
561 0.27007192
562 0.27089155
563 0.27171165
564 0.27253234
565 0.27335352
566 0.2741753
567 0.27499747
568 0.27582026
569 0.2766435
570 0.2774673
571 0.27829164
572 0.2791164
573 0.27994168
574 0.2807675
575 0.2815938
576 0.28242052
577 0.28324777
578 0.2840755
579 0.2849037
580 0.2857324
581 0.28656155
582 0.28739113
583 0.28822124
584 0.28905177
585 0.28988272
586 0.29071414
587 0.291546
588 0.2923783
589 0.2932111
590 0.29404426
591 0.2948779
592 0.29571187
593 0.29654634
594 0.29738122
595 0.29821652
596 0.29905224
597 0.2998883
598 0.30072486
599 0.30156177
600 0.30239904
601 0.30323672
602 0.30407482
603 0.30491328
604 0.30575216
605 0.30659133
606 0.30743092
607 0.30827087
608 0.30911124
609 0.3099519
610 0.31079292
611 0.31163436
612 0.3124761
613 0.3133182
614 0.3141606
615 0.31500334
616 0.31584644
617 0.3166899
618 0.31753367
619 0.31837773
620 0.31922215
621 0.32006687
622 0.32091188
623 0.3217572
624 0.32260287
625 0.32344878
626 0.32429498
627 0.32514155
628 0.32598835
629 0.32683545
630 0.32768285
631 0.3285305
632 0.32937843
633 0.3302266
634 0.33107507
635 0.33192384
636 0.3327728
637 0.33362204
638 0.33447158
639 0.3353213
640 0.33617127
641 0.33702153
642 0.33787197
643 0.3387227
644 0.33957362
645 0.34042478
646 0.3412761
647 0.34212774
648 0.34297955
649 0.34383154
650 0.34468377
651 0.34553617
652 0.34638882
653 0.34724164
654 0.34809464
655 0.34894788
656 0.34980124
657 0.35065484
658 0.35150856
659 0.3523625
660 0.3532166
661 0.35407084
662 0.35492527
663 0.3557799
664 0.35663462
665 0.35748947
666 0.35834455
667 0.3591997
668 0.36005503
669 0.36091048
670 0.3617661
671 0.36262184
672 0.3634777
673 0.3643337
674 0.36518973
675 0.36604595
676 0.3669023
677 0.36775875
678 0.36861527
679 0.3694719
680 0.37032866
681 0.37118548
682 0.37204242
683 0.37289947
684 0.37375653
685 0.3746137
686 0.375471
687 0.3763283
688 0.3771857
689 0.37804317
690 0.3789007
691 0.3797583
692 0.38061595
693 0.38147366
694 0.38233137
695 0.3831892
696 0.38404703
697 0.38490492
698 0.3857628
699 0.38662076
700 0.3874787
701 0.38833672
702 0.38919473
703 0.39005274
704 0.3909108
705 0.39176887
706 0.39262688
707 0.39348495
708 0.39434302
709 0.3952011
710 0.39605916
711 0.39691722
712 0.39777523
713 0.39863324
714 0.39949125
715 0.40034926
716 0.4012072
717 0.4020651
718 0.402923
719 0.40378082
720 0.40463865
721 0.40549642
722 0.40635413
723 0.40721178
724 0.40806937
725 0.4089269
726 0.40978444
727 0.41064185
728 0.4114992
729 0.4123565
730 0.41321373
731 0.41407084
732 0.4149279
733 0.4157849
734 0.41664177
735 0.4174986
736 0.4183553
737 0.41921186
738 0.42006838
739 0.42092478
740 0.42178106
741 0.42263728
742 0.42349333
743 0.4243493
744 0.4252051
745 0.4260608
746 0.42691642
747 0.42777187
748 0.4286272
749 0.42948234
750 0.43033743
751 0.43119234
752 0.43204707
753 0.43290168
754 0.4337561
755 0.43461043
756 0.43546456
757 0.43631858
758 0.43717235
759 0.438026
760 0.4388795
761 0.4397328
762 0.4405859
763 0.44143885
764 0.44229162
765 0.4431442
766 0.4439966
767 0.44484878
768 0.44570076
769 0.44655257
770 0.44740415
771 0.44825554
772 0.4491067
773 0.44995767
774 0.4508084
775 0.45165896
776 0.45250928
777 0.45335937
778 0.4542092
779 0.45505887
780 0.45590824
781 0.45675743
782 0.45760632
783 0.45845503
784 0.45930344
785 0.4601516
786 0.46099955
787 0.46184725
788 0.4626947
789 0.46354187
790 0.46438873
791 0.46523535
792 0.46608174
793 0.46692783
794 0.46777368
795 0.46861917
796 0.46946448
797 0.47030944
798 0.4711541
799 0.4719985
800 0.47284263
801 0.47368646
802 0.47452992
803 0.47537315
804 0.47621608
805 0.47705865
806 0.47790092
807 0.4787429
808 0.47958457
809 0.4804259
810 0.48126692
811 0.48210764
812 0.482948
813 0.48378807
814 0.48462772
815 0.48546714
816 0.48630613
817 0.48714483
818 0.48798317
819 0.4888212
820 0.48965883
821 0.49049616
822 0.49133307
823 0.49216968
824 0.49300587
825 0.49384177
826 0.49467725
827 0.49551237
828 0.49634713
829 0.49718153
830 0.49801552
831 0.49884915
832 0.49968237
833 0.5005152
834 0.50134766
835 0.50217974
836 0.50301147
837 0.5038427
838 0.5046736
839 0.50550413
840 0.5063342
841 0.5071639
842 0.50799316
843 0.50882196
844 0.50965047
845 0.5104785
846 0.51130605
847 0.51213324
848 0.51296
849 0.5137863
850 0.51461226
851 0.5154377
852 0.51626277
853 0.51708734
854 0.51791155
855 0.51873523
856 0.5195585
857 0.52038133
858 0.52120364
859 0.5220256
860 0.52284706
861 0.52366805
862 0.52448857
863 0.5253087
864 0.5261283
865 0.52694744
866 0.5277661
867 0.52858436
868 0.529402
869 0.5302193
870 0.5310361
871 0.53185236
872 0.5326682
873 0.5334835
874 0.5342983
875 0.5351126
876 0.53592646
877 0.5367398
878 0.5375527
879 0.538365
880 0.5391768
881 0.53998816
882 0.540799
883 0.5416093
884 0.5424191
885 0.5432284
886 0.54403716
887 0.5448454
888 0.5456531
889 0.54646033
890 0.54726696
891 0.5480731
892 0.5488787
893 0.5496838
894 0.55048835
895 0.5512923
896 0.5520958
897 0.5528987
898 0.55370104
899 0.55450284
900 0.55530417
901 0.5561049
902 0.55690503
903 0.5577046
904 0.5585037
905 0.5593022
906 0.5601001
907 0.56089747
908 0.56169426
909 0.56249046
910 0.5632861
911 0.5640812
912 0.5648757
913 0.5656696
914 0.56646293
915 0.56725574
916 0.5680479
917 0.56883943
918 0.5696305
919 0.57042086
920 0.5712107
921 0.5719999
922 0.57278854
923 0.57357657
924 0.57436395
925 0.5751508
926 0.57593703
927 0.5767226
928 0.5775076
929 0.578292
930 0.57907575
931 0.5798589
932 0.5806415
933 0.5814234
934 0.5822047
935 0.5829854
936 0.5837654
937 0.58454484
938 0.58532363
939 0.5861018
940 0.5868794
941 0.58765626
942 0.5884325
943 0.5892081
944 0.5899831
945 0.5907574
946 0.59153116
947 0.59230417
948 0.5930766
949 0.59384835
950 0.5946194
951 0.59538984
952 0.5961597
953 0.59692883
954 0.59769726
955 0.5984651
956 0.5992322
957 0.5999987
958 0.6007645
959 0.6015297
960 0.6022942
961 0.603058
962 0.6038211
963 0.60458356
964 0.60534537
965 0.60610646
966 0.6068669
967 0.6076266
968 0.6083857
969 0.6091441
970 0.6099018
971 0.61065876
972 0.611415
973 0.6121707
974 0.6129256
975 0.61367977
976 0.6144333
977 0.61518615
978 0.6159383
979 0.6166897
980 0.61744046
981 0.6181904
982 0.61893976
983 0.6196884
984 0.62043625
985 0.6211834
986 0.6219299
987 0.62267566
988 0.62342066
989 0.62416494
990 0.62490857
991 0.6256515
992 0.62639356
993 0.62713504
994 0.6278757
995 0.6286157
996 0.62935495
997 0.63009346
998 0.63083124
999 0.63156825
1000 0.63230455
1001 0.6330402
1002 0.633775
1003 0.6345091
1004 0.63524246
1005 0.63597506
1006 0.63670695
1007 0.63743806
1008 0.63816845
1009 0.638898
1010 0.639627
1011 0.6403551
1012 0.6410824
1013 0.6418091
1014 0.642535
1015 0.64326006
1016 0.64398444
1017 0.64470804
1018 0.6454308
1019 0.6461529
1020 0.6468742
1021 0.64759475
1022 0.64831454
1023 0.64903355
1024 0.6497518
1025 0.6504693
1026 0.651186
1027 0.6519019
1028 0.6526171
1029 0.65333146
1030 0.65404505
1031 0.65475786
1032 0.6554699
1033 0.6561812
1034 0.6568917
1035 0.6576014
1036 0.6583103
1037 0.65901846
1038 0.6597258
1039 0.6604324
1040 0.6611382
1041 0.6618432
1042 0.66254735
1043 0.66325074
1044 0.66395336
1045 0.6646552
1046 0.6653562
1047 0.6660564
1048 0.66675586
1049 0.6674545
1050 0.66815233
1051 0.66884935
1052 0.6695456
1053 0.670241
1054 0.67093563
1055 0.6716294
1056 0.67232245
1057 0.67301464
1058 0.67370605
1059 0.67439663
1060 0.6750864
1061 0.67577535
1062 0.6764635
1063 0.67715085
1064 0.6778374
1065 0.67852306
1066 0.6792079
1067 0.679892
1068 0.68057525
1069 0.68125767
1070 0.68193924
1071 0.68262005
1072 0.6833
1073 0.68397915
1074 0.68465745
1075 0.685335
1076 0.6860117
1077 0.68668747
1078 0.68736243
1079 0.6880367
1080 0.68871
1081 0.68938255
1082 0.6900542
1083 0.6907251
1084 0.69139504
1085 0.6920643
1086 0.6927326
1087 0.69340014
1088 0.69406676
1089 0.6947326
1090 0.6953976
1091 0.69606173
1092 0.6967251
1093 0.6973876
1094 0.6980492
1095 0.69870996
1096 0.6993699
1097 0.700029
1098 0.7006873
1099 0.7013447
1100 0.7020012
1101 0.702657
1102 0.7033118
1103 0.70396584
1104 0.70461905
1105 0.70527136
1106 0.7059228
1107 0.70657337
1108 0.7072232
1109 0.70787203
1110 0.7085201
1111 0.70916736
1112 0.70981365
1113 0.7104591
1114 0.7111038
1115 0.7117475
1116 0.7123904
1117 0.7130325
1118 0.7136737
1119 0.71431404
1120 0.71495354
1121 0.71559215
1122 0.71622986
1123 0.71686673
1124 0.7175028
1125 0.7181379
1126 0.71877223
1127 0.71940565
1128 0.7200382
1129 0.72066987
1130 0.7213007
1131 0.72193074
1132 0.7225598
1133 0.72318804
1134 0.7238154
1135 0.7244419
1136 0.7250675
1137 0.7256922
1138 0.7263161
1139 0.7269391
1140 0.72756124
1141 0.72818244
1142 0.72880286
1143 0.72942233
1144 0.730041
1145 0.73065877
1146 0.7312757
1147 0.73189163
1148 0.73250675
1149 0.73312104
1150 0.73373437
1151 0.7343469
1152 0.7349585
1153 0.73556924
1154 0.7361791
1155 0.73678815
1156 0.73739624
1157 0.7380035
1158 0.7386098
1159 0.73921525
1160 0.7398199
1161 0.74042356
1162 0.7410264
1163 0.7416283
1164 0.74222934
1165 0.74282956
1166 0.7434288
1167 0.74402726
1168 0.74462473
1169 0.7452214
1170 0.7458172
1171 0.74641204
1172 0.747006
1173 0.7475991
1174 0.74819136
1175 0.74878263
1176 0.7493731
1177 0.7499626
1178 0.7505513
1179 0.75113904
1180 0.751726
1181 0.75231194
1182 0.7528971
1183 0.7534813
1184 0.7540647
1185 0.7546471
1186 0.75522864
1187 0.7558093
1188 0.7563891
1189 0.756968
1190 0.757546
1191 0.7581231
1192 0.7586993
1193 0.75927466
1194 0.7598491
1195 0.76042265
1196 0.76099527
1197 0.76156706
1198 0.76213795
1199 0.76270795
1200 0.76327705
1201 0.7638452
1202 0.7644125
1203 0.76497895
1204 0.7655445
1205 0.7661091
1206 0.76667285
1207 0.7672357
1208 0.76779765
1209 0.7683587
1210 0.7689189
1211 0.7694782
1212 0.7700366
1213 0.77059406
1214 0.77115065
1215 0.77170634
1216 0.77226114
1217 0.7728151
1218 0.7733681
1219 0.77392024
1220 0.77447146
1221 0.77502185
1222 0.7755713
1223 0.7761198
1224 0.7766675
1225 0.7772143
1226 0.77776015
1227 0.7783052
1228 0.77884924
1229 0.7793925
1230 0.77993476
1231 0.78047615
1232 0.7810167
1233 0.7815563
1234 0.7820951
1235 0.7826329
1236 0.78316987
1237 0.7837059
1238 0.7842411
1239 0.7847753
1240 0.7853087
1241 0.78584117
1242 0.7863728
1243 0.7869035
1244 0.78743327
1245 0.7879622
1246 0.78849024
1247 0.7890173
1248 0.78954357
1249 0.7900689
1250 0.7905934
1251 0.79111695
1252 0.7916396
1253 0.7921614
1254 0.7926823
1255 0.7932023
1256 0.7937214
1257 0.7942396
1258 0.7947569
1259 0.79527336
1260 0.7957889
1261 0.7963036
1262 0.7968173
1263 0.7973302
1264 0.79784214
1265 0.79835325
1266 0.7988635
1267 0.7993728
1268 0.7998812
1269 0.80038875
1270 0.80089545
1271 0.8014012
1272 0.80190605
1273 0.80241007
1274 0.8029131
1275 0.80341536
1276 0.8039167
1277 0.80441713
1278 0.8049167
1279 0.80541533
1280 0.80591315
1281 0.80641
1282 0.80690604
1283 0.8074012
1284 0.8078954
1285 0.80838877
1286 0.8088813
1287 0.80937284
1288 0.80986357
1289 0.8103534
1290 0.8108423
1291 0.8113304
1292 0.8118175
1293 0.81230384
1294 0.81278926
1295 0.8132738
1296 0.8137574
1297 0.8142402
1298 0.81472206
1299 0.8152031
1300 0.81568325
1301 0.81616247
1302 0.81664085
1303 0.81711835
1304 0.817595
1305 0.8180707
1306 0.8185456
1307 0.81901956
1308 0.8194927
1309 0.8199649
1310 0.82043624
1311 0.82090676
1312 0.8213763
1313 0.82184505
1314 0.82231295
1315 0.8227799
1316 0.823246
1317 0.8237113
1318 0.82417566
1319 0.82463914
1320 0.82510173
1321 0.82556355
1322 0.8260244
1323 0.82648444
1324 0.8269436
1325 0.8274018
1326 0.8278592
1327 0.8283158
1328 0.8287715
1329 0.82922626
1330 0.8296802
1331 0.83013326
1332 0.8305855
1333 0.8310368
1334 0.8314873
1335 0.8319369
1336 0.83238566
1337 0.8328335
1338 0.83328056
1339 0.8337267
1340 0.834172
1341 0.8346164
1342 0.83506
1343 0.83550274
1344 0.8359446
1345 0.8363856
1346 0.8368257
1347 0.837265
1348 0.8377034
1349 0.83814096
1350 0.8385777
1351 0.8390136
1352 0.8394486
1353 0.8398827
1354 0.840316
1355 0.8407484
1356 0.84117997
1357 0.8416107
1358 0.8420406
1359 0.84246963
1360 0.84289783
1361 0.84332514
1362 0.84375167
1363 0.84417725
1364 0.84460205
1365 0.845026
1366 0.8454491
1367 0.8458713
1368 0.84629273
1369 0.84671324
1370 0.847133
1371 0.8475518
1372 0.8479699
1373 0.84838706
1374 0.8488034
1375 0.84921885
1376 0.8496335
1377 0.85004735
1378 0.8504603
1379 0.85087246
1380 0.8512838
1381 0.8516942
1382 0.8521038
1383 0.85251266
1384 0.8529206
1385 0.85332775
1386 0.853734
1387 0.85413945
1388 0.8545441
1389 0.85494787
1390 0.85535085
1391 0.85575294
1392 0.85615426
1393 0.85655475
1394 0.8569544
1395 0.8573532
1396 0.8577512
1397 0.85814834
1398 0.8585447
1399 0.8589402
1400 0.8593349
1401 0.85972875
1402 0.8601218
1403 0.86051404
1404 0.8609054
1405 0.861296
1406 0.86168575
1407 0.8620747
1408 0.8624628
1409 0.8628501
1410 0.8632366
1411 0.8636223
1412 0.8640071
1413 0.8643912
1414 0.8647744
1415 0.8651568
1416 0.8655384
1417 0.86591923
1418 0.8662992
1419 0.86667836
1420 0.8670567
1421 0.8674343
1422 0.8678111
1423 0.868187
1424 0.86856216
1425 0.8689365
1426 0.86931
1427 0.8696827
1428 0.87005466
1429 0.87042576
1430 0.8707961
1431 0.87116563
1432 0.87153435
1433 0.8719022
1434 0.8722694
1435 0.8726357
1436 0.8730012
1437 0.873366
1438 0.87372994
1439 0.87409306
1440 0.87445545
1441 0.874817
1442 0.87517774
1443 0.87553775
1444 0.87589693
1445 0.87625533
1446 0.87661296
1447 0.8769698
1448 0.87732583
1449 0.8776811
1450 0.87803555
1451 0.87838924
1452 0.87874216
1453 0.8790943
1454 0.8794456
1455 0.8797962
1456 0.88014597
1457 0.880495
1458 0.8808432
1459 0.88119066
1460 0.8815374
1461 0.88188326
1462 0.8822284
1463 0.88257277
1464 0.88291633
1465 0.8832591
1466 0.8836012
1467 0.8839425
1468 0.88428295
1469 0.8846227
1470 0.88496166
1471 0.88529986
1472 0.8856373
1473 0.885974
1474 0.88630986
1475 0.886645
1476 0.8869794
1477 0.88731307
1478 0.8876459
1479 0.887978
1480 0.88830936
1481 0.88864
1482 0.8889698
1483 0.8892989
1484 0.8896272
1485 0.8899548
1486 0.8902816
1487 0.8906077
1488 0.89093304
1489 0.8912576
1490 0.8915814
1491 0.8919045
1492 0.8922268
1493 0.8925484
1494 0.89286923
1495 0.8931893
1496 0.8935087
1497 0.89382726
1498 0.89414513
1499 0.8944623
1500 0.89477867
1501 0.89509434
1502 0.8954092
1503 0.8957234
1504 0.89603686
1505 0.89634955
1506 0.8966615
1507 0.8969728
1508 0.89728326
1509 0.8975931
1510 0.89790213
1511 0.8982104
1512 0.898518
1513 0.8988249
1514 0.89913106
1515 0.8994365
1516 0.8997412
1517 0.9000451
1518 0.90034837
1519 0.90065086
1520 0.9009527
1521 0.90125376
1522 0.90155417
1523 0.9018538
1524 0.9021527
1525 0.902451
1526 0.90274847
1527 0.9030453
1528 0.90334135
1529 0.9036367
1530 0.9039314
1531 0.90422535
1532 0.9045186
1533 0.90481114
1534 0.90510297
1535 0.9053941
1536 0.90568453
1537 0.9059742
1538 0.90626323
1539 0.90655154
1540 0.9068392
1541 0.90712607
1542 0.9074123
1543 0.90769786
1544 0.90798265
1545 0.9082668
1546 0.90855026
1547 0.90883297
1548 0.909115
1549 0.9093964
1550 0.9096771
1551 0.90995705
1552 0.91023636
1553 0.91051495
1554 0.9107929
1555 0.9110701
1556 0.9113467
1557 0.9116225
1558 0.9118977
1559 0.9121722
1560 0.9124461
1561 0.9127192
1562 0.9129917
1563 0.91326344
1564 0.9135346
1565 0.913805
1566 0.9140748
1567 0.9143439
1568 0.91461235
1569 0.9148801
1570 0.9151472
1571 0.9154136
1572 0.91567934
1573 0.91594446
1574 0.91620886
1575 0.9164726
1576 0.9167357
1577 0.91699815
1578 0.9172599
1579 0.917521
1580 0.9177815
1581 0.9180412
1582 0.9183004
1583 0.91855884
1584 0.9188167
1585 0.9190738
1586 0.91933036
1587 0.9195862
1588 0.9198414
1589 0.920096
1590 0.9203499
1591 0.92060316
1592 0.92085576
1593 0.92110777
1594 0.92135906
1595 0.92160976
1596 0.9218598
1597 0.92210925
1598 0.922358
1599 0.9226061
1600 0.9228536
1601 0.9231004
1602 0.92334664
1603 0.9235922
1604 0.9238372
1605 0.92408144
1606 0.92432517
1607 0.9245682
1608 0.9248106
1609 0.9250524
1610 0.92529356
1611 0.92553407
1612 0.925774
1613 0.9260133
1614 0.92625195
1615 0.92648995
1616 0.9267274
1617 0.92696416
1618 0.9272004
1619 0.92743593
1620 0.92767084
1621 0.9279052
1622 0.92813885
1623 0.92837197
1624 0.9286045
1625 0.92883635
1626 0.9290676
1627 0.9292982
1628 0.9295283
1629 0.9297577
1630 0.92998654
1631 0.93021476
1632 0.9304424
1633 0.93066937
1634 0.9308958
1635 0.9311216
1636 0.93134683
1637 0.9315714
1638 0.9317954
1639 0.9320189
1640 0.9322417
1641 0.9324639
1642 0.9326855
1643 0.93290657
1644 0.933127
1645 0.93334687
1646 0.93356615
1647 0.9337848
1648 0.9340029
1649 0.9342204
1650 0.93443733
1651 0.93465364
1652 0.9348694
1653 0.9350846
1654 0.93529916
1655 0.93551314
1656 0.9357266
1657 0.93593943
1658 0.9361517
1659 0.9363634
1660 0.9365745
1661 0.9367851
1662 0.936995
1663 0.9372045
1664 0.9374133
1665 0.93762153
1666 0.93782926
1667 0.9380364
1668 0.9382429
1669 0.9384489
1670 0.93865436
1671 0.9388592
1672 0.93906355
1673 0.9392673
1674 0.93947047
1675 0.9396731
1676 0.9398752
1677 0.9400767
1678 0.94027764
1679 0.9404781
1680 0.9406779
1681 0.9408772
1682 0.9410759
1683 0.94127417
1684 0.9414718
1685 0.94166887
1686 0.94186544
1687 0.9420614
1688 0.9422569
1689 0.94245183
1690 0.9426462
1691 0.94284004
1692 0.94303334
1693 0.9432261
1694 0.94341826
1695 0.94360995
1696 0.9438011
1697 0.9439917
1698 0.94418174
1699 0.9443713
1700 0.9445603
1701 0.94474876
1702 0.9449367
1703 0.94512415
1704 0.945311
1705 0.94549733
1706 0.9456832
1707 0.9458685
1708 0.94605327
1709 0.9462375
1710 0.94642127
1711 0.9466045
1712 0.9467872
1713 0.94696933
1714 0.947151
1715 0.94733214
1716 0.94751275
1717 0.9476929
1718 0.94787246
1719 0.9480516
1720 0.94823015
1721 0.9484082
1722 0.94858575
1723 0.9487628
1724 0.9489393
1725 0.9491154
1726 0.9492909
1727 0.94946593
1728 0.94964045
1729 0.94981444
1730 0.949988
1731 0.950161
1732 0.95033354
1733 0.95050555
1734 0.95067704
1735 0.9508481
1736 0.95101863
1737 0.9511887
1738 0.9513582
1739 0.95152724
1740 0.9516958
1741 0.9518639
1742 0.9520315
1743 0.95219857
1744 0.95236516
1745 0.95253134
1746 0.9526969
1747 0.9528621
1748 0.9530268
1749 0.953191
1750 0.9533547
1751 0.9535179
1752 0.9536807
1753 0.95384294
1754 0.95400476
1755 0.95416605
1756 0.9543269
1757 0.9544873
1758 0.95464724
1759 0.9548067
1760 0.9549656
1761 0.95512414
1762 0.95528215
1763 0.9554397
1764 0.9555968
1765 0.95575345
1766 0.9559096
1767 0.9560653
1768 0.9562205
1769 0.9563753
1770 0.9565296
1771 0.9566835
1772 0.9568369
1773 0.9569898
1774 0.95714235
1775 0.95729434
1776 0.957446
1777 0.9575971
1778 0.95774776
1779 0.95789796
1780 0.95804775
1781 0.95819706
1782 0.95834595
1783 0.95849437
1784 0.95864236
1785 0.9587899
1786 0.958937
1787 0.9590837
1788 0.9592299
1789 0.9593756
1790 0.95952094
1791 0.95966583
1792 0.9598103
1793 0.9599543
1794 0.9600979
1795 0.960241
1796 0.9603838
1797 0.96052605
1798 0.96066785
1799 0.9608093
1800 0.96095026
1801 0.9610908
1802 0.96123093
1803 0.96137065
1804 0.96150994
1805 0.96164876
1806 0.9617872
1807 0.9619252
1808 0.9620628
1809 0.9621999
1810 0.96233666
1811 0.962473
1812 0.9626089
1813 0.96274436
1814 0.9628794
1815 0.96301407
1816 0.9631483
1817 0.96328217
1818 0.96341556
1819 0.96354854
1820 0.96368116
1821 0.9638133
1822 0.9639451
1823 0.96407646
1824 0.9642074
1825 0.96433794
1826 0.96446806
1827 0.9645978
1828 0.96472716
1829 0.9648561
1830 0.9649846
1831 0.96511275
1832 0.9652405
1833 0.9653678
1834 0.96549475
1835 0.9656213
1836 0.9657475
1837 0.9658732
1838 0.96599853
1839 0.9661235
1840 0.9662481
1841 0.9663723
1842 0.96649605
1843 0.9666195
1844 0.9667425
1845 0.9668651
1846 0.9669874
1847 0.9671092
1848 0.9672307
1849 0.9673518
1850 0.9674725
1851 0.96759284
1852 0.96771276
1853 0.9678323
1854 0.96795154
1855 0.9680704
1856 0.9681888
1857 0.96830684
1858 0.96842456
1859 0.96854186
1860 0.9686588
1861 0.96877533
1862 0.96889156
1863 0.9690074
1864 0.9691228
1865 0.9692379
1866 0.96935266
1867 0.969467
1868 0.969581
1869 0.9696946
1870 0.96980786
1871 0.96992075
1872 0.9700333
1873 0.97014546
1874 0.9702573
1875 0.97036874
1876 0.97047985
1877 0.9705906
1878 0.9707009
1879 0.97081095
1880 0.9709206
1881 0.97102994
1882 0.9711389
1883 0.97124755
1884 0.9713558
1885 0.9714637
1886 0.97157127
1887 0.9716785
1888 0.9717853
1889 0.9718918
1890 0.97199804
1891 0.97210383
1892 0.97220933
1893 0.9723145
1894 0.97241926
1895 0.9725237
1896 0.9726278
1897 0.9727316
1898 0.972835
1899 0.9729381
1900 0.9730409
1901 0.97314334
1902 0.9732454
1903 0.9733471
1904 0.9734486
1905 0.97354966
1906 0.9736504
1907 0.9737508
1908 0.9738509
1909 0.9739507
1910 0.9740501
1911 0.9741492
1912 0.974248
1913 0.97434646
1914 0.97444457
1915 0.9745424
1916 0.9746399
1917 0.97473705
1918 0.97483385
1919 0.9749304
1920 0.9750266
1921 0.97512245
1922 0.975218
1923 0.97531325
1924 0.9754082
1925 0.9755028
1926 0.9755971
1927 0.9756911
1928 0.9757847
1929 0.97587806
1930 0.9759711
1931 0.97606385
1932 0.9761563
1933 0.9762484
1934 0.9763402
1935 0.97643167
1936 0.97652286
1937 0.97661376
1938 0.97670436
1939 0.9767946
1940 0.9768846
1941 0.97697425
1942 0.9770636
1943 0.9771527
1944 0.97724146
1945 0.9773299
1946 0.97741807
1947 0.9775059
1948 0.97759354
1949 0.9776808
1950 0.97776777
1951 0.97785443
1952 0.97794086
1953 0.9780269
1954 0.97811276
1955 0.9781983
1956 0.97828346
1957 0.9783684
1958 0.9784531
1959 0.97853744
1960 0.9786215
1961 0.9787053
1962 0.9787888
1963 0.978872
1964 0.9789549
1965 0.9790376
1966 0.97911996
1967 0.97920203
1968 0.9792838
1969 0.97936535
1970 0.9794466
1971 0.97952753
1972 0.97960824
1973 0.97968864
1974 0.97976875
1975 0.9798486
1976 0.9799282
1977 0.98000747
1978 0.9800865
1979 0.9801653
1980 0.98024374
1981 0.980322
1982 0.9803999
1983 0.98047763
1984 0.980555
1985 0.9806321
1986 0.980709
1987 0.9807856
1988 0.98086196
1989 0.980938
1990 0.98101383
1991 0.9810894
1992 0.9811647
1993 0.9812397
1994 0.9813145
1995 0.981389
1996 0.9814632
1997 0.98153716
1998 0.9816109
1999 0.9816844
2000 0.9817576
2001 0.98183054
2002 0.9819032
2003 0.9819757
2004 0.98204786
2005 0.9821198
2006 0.98219144
2007 0.9822629
2008 0.9823341
2009 0.982405
2010 0.9824757
2011 0.9825461
2012 0.9826163
2013 0.9826862
2014 0.9827559
2015 0.98282534
2016 0.98289454
2017 0.9829635
2018 0.9830322
2019 0.98310065
2020 0.9831689
2021 0.98323685
2022 0.9833046
2023 0.9833721
2024 0.9834394
2025 0.9835064
2026 0.9835732
2027 0.9836397
2028 0.983706
2029 0.9837721
2030 0.98383796
2031 0.9839035
2032 0.9839689
2033 0.98403406
2034 0.9840989
2035 0.9841636
2036 0.984228
2037 0.98429227
2038 0.9843562
2039 0.98441994
2040 0.9844835
2041 0.9845468
2042 0.98460984
2043 0.98467267
2044 0.9847353
2045 0.98479766
2046 0.9848598
2047 0.98492175
2048 0.9849835
2049 0.98504496
2050 0.9851062
2051 0.9851673
2052 0.9852281
2053 0.98528874
2054 0.9853491
2055 0.98540926
2056 0.9854692
2057 0.98552895
2058 0.9855885
2059 0.9856478
2060 0.98570687
2061 0.98576576
2062 0.9858244
2063 0.9858829
2064 0.9859411
2065 0.9859991
2066 0.9860569
2067 0.9861145
2068 0.9861719
2069 0.98622906
2070 0.98628604
2071 0.9863428
2072 0.98639935
2073 0.9864557
2074 0.9865118
2075 0.9865678
2076 0.9866235
2077 0.986679
2078 0.98673433
2079 0.98678946
2080 0.98684436
2081 0.9868991
2082 0.9869536
2083 0.9870079
2084 0.98706204
2085 0.9871159
2086 0.9871696
2087 0.98722315
2088 0.9872765
2089 0.9873296
2090 0.98738253
2091 0.9874352
2092 0.9874878
2093 0.9875401
2094 0.9875922
2095 0.9876442
2096 0.98769593
2097 0.9877475
2098 0.98779887
2099 0.98785007
2100 0.98790103
2101 0.9879519
2102 0.9880025
2103 0.9880529
2104 0.98810315
2105 0.98815316
2106 0.98820305
2107 0.9882527
2108 0.9883022
2109 0.9883515
2110 0.98840064
2111 0.9884496
2112 0.98849833
2113 0.98854685
2114 0.98859525
2115 0.98864347
2116 0.9886915
2117 0.9887393
2118 0.988787
2119 0.9888345
2120 0.98888177
2121 0.9889289
2122 0.9889759
2123 0.9890226
2124 0.9890692
2125 0.98911566
2126 0.9891619
2127 0.989208
2128 0.9892539
2129 0.9892996
2130 0.98934513
2131 0.9893905
2132 0.98943573
2133 0.98948073
2134 0.9895256
2135 0.9895703
2136 0.98961484
2137 0.9896592
2138 0.98970336
2139 0.98974735
2140 0.9897912
2141 0.9898349
2142 0.9898784
2143 0.98992175
2144 0.98996496
