[1.0]
[1.0]
[1.0]
[1.0]
[0.9666666666666667, 1.0]
[0.9666666666666667, 1.0]
[0.8, 0.9666666666666667, 1.0]
[0.6333333333333333, 0.8333333333333333, 0.9666666666666666, 0.9999999999999999]
[0.6333333333333333, 0.8333333333333333, 0.9666666666666666, 0.9999999999999999]
[0.6333333333333333, 0.8333333333333333, 0.9666666666666666, 0.9999999999999999]
[0.6333333333333333, 0.8333333333333333, 0.9666666666666666, 0.9999999999999999]
[0.6333333333333333, 0.8333333333333333, 0.9666666666666666, 0.9999999999999999]
[0.6333333333333333, 0.8333333333333333, 0.9666666666666666, 0.9999999999999999]
[0.6333333333333333, 0.8333333333333333, 0.9666666666666666, 0.9999999999999999]
[0.6333333333333333, 0.8333333333333333, 0.9666666666666666, 0.9999999999999999]
[0.6333333333333333, 0.8333333333333333, 0.9666666666666666, 0.9999999999999999]
[0.6333333333333333, 0.8333333333333333, 0.9666666666666666, 0.9999999999999999]
[0.6333333333333333, 0.8333333333333333, 0.9666666666666666, 0.9999999999999999]
[0.6333333333333333, 0.8333333333333333, 0.9666666666666666, 0.9999999999999999]
[0.6333333333333333, 0.8333333333333333, 0.9666666666666666, 0.9999999999999999]
[0.6333333333333333, 0.8333333333333333, 0.9666666666666666, 0.9999999999999999]
[0.6333333333333333, 0.8333333333333333, 0.9666666666666666, 0.9999999999999999]
[1.0]
[0.8, 1.0]
[0.8, 1.0]
[0.8, 1.0]
[0.8, 1.0]
[0.4, 0.8, 1.0]
[0.4, 0.8, 1.0]
[0.4, 0.6000000000000001, 0.8, 1.0]
[0.4, 0.6000000000000001, 0.8, 1.0]
[0.4, 0.6000000000000001, 0.8, 1.0]
[0.4, 0.6000000000000001, 0.8, 1.0]
[0.4, 0.6000000000000001, 0.8, 1.0]
[0.4, 0.6000000000000001, 0.8, 1.0]
[0.4, 0.6000000000000001, 0.8, 1.0]
[0.4, 0.6000000000000001, 0.8, 1.0]
[0.4, 0.6000000000000001, 0.8, 1.0]
[0.4, 0.6000000000000001, 0.8, 1.0]
[0.4, 0.6000000000000001, 0.8, 1.0]
[0.4, 0.6000000000000001, 0.8, 1.0]
[0.4, 0.6000000000000001, 0.8, 1.0]
[0.4, 0.6000000000000001, 0.8, 1.0]
[0.4, 0.6000000000000001, 0.8, 1.0]
[0.4, 0.6000000000000001, 0.8, 1.0]
[0.4, 0.6000000000000001, 0.8, 1.0]
[0.4, 0.6000000000000001, 0.8, 1.0]
[0.4, 0.6000000000000001, 0.8, 1.0]
[0.4, 0.6000000000000001, 0.8, 1.0]
[0.4, 0.6000000000000001, 0.8, 1.0]
[0.4, 0.6000000000000001, 0.8, 1.0]
[0.4, 0.6000000000000001, 0.8, 1.0]
[0.4, 0.6000000000000001, 0.8, 1.0]
[0.36666666666666664, 0.6, 0.8, 1.0]
[0.36666666666666664, 0.6, 0.8, 1.0]
[0.36666666666666664, 0.6, 0.8, 1.0]
[0.36666666666666664, 0.6, 0.8, 1.0]
[0.36666666666666664, 0.6, 0.8, 1.0]
[0.36666666666666664, 0.6, 0.8, 1.0]
[0.36666666666666664, 0.6, 0.8, 1.0]
[0.36666666666666664, 0.6, 0.8, 1.0]
[0.36666666666666664, 0.6, 0.8, 1.0]
[0.36666666666666664, 0.6, 0.8, 1.0]
[0.36666666666666664, 0.6, 0.8, 1.0]
[0.36666666666666664, 0.6, 0.8, 1.0]
[0.36666666666666664, 0.6, 0.8, 1.0]
[0.36666666666666664, 0.6, 0.8, 1.0]
[0.36666666666666664, 0.6, 0.8, 1.0]
[0.36666666666666664, 0.6, 0.8, 1.0]
[0.36666666666666664, 0.6, 0.8, 1.0]
[0.36666666666666664, 0.6, 0.8, 1.0]
[0.36666666666666664, 0.6, 0.8, 1.0]
[0.36666666666666664, 0.6, 0.8, 1.0]
[0.36666666666666664, 0.6, 0.8, 1.0]
[0.36666666666666664, 0.6, 0.8, 1.0]
[0.36666666666666664, 0.6, 0.8, 1.0]
[0.36666666666666664, 0.6, 0.8, 1.0]
[0.36666666666666664, 0.6, 0.8, 0.9666666666666667, 1.0]
[0.36666666666666664, 0.6, 0.8, 1.0]
[0.36666666666666664, 0.6, 0.8, 1.0]
[0.36666666666666664, 0.6, 0.8, 1.0]
[0.36666666666666664, 0.6, 0.8, 1.0]
[0.4, 0.6000000000000001, 0.8, 1.0]
[0.4, 0.6000000000000001, 0.8, 1.0]
[0.4, 0.6000000000000001, 0.8, 1.0]
[0.4, 0.6000000000000001, 0.8, 1.0]
[0.4, 0.6000000000000001, 0.8, 1.0]
[0.4, 0.6000000000000001, 0.8, 1.0]
[0.4, 0.6000000000000001, 0.8, 1.0]
[0.4, 0.6000000000000001, 0.8, 1.0]
[0.4, 0.6000000000000001, 0.8, 1.0]
[0.4, 0.6000000000000001, 0.8, 1.0]
[0.4, 0.6000000000000001, 0.8, 1.0]
[0.4, 0.6000000000000001, 0.8, 1.0]
[0.4, 0.6000000000000001, 0.8, 1.0]
[0.4, 0.6000000000000001, 0.8, 1.0]
[0.4, 0.6000000000000001, 0.8, 1.0]
[0.4, 0.6000000000000001, 0.8, 1.0]
[0.4, 0.6000000000000001, 0.8, 1.0]
[0.4, 0.6000000000000001, 0.8, 1.0]
[0.4, 0.6000000000000001, 0.8, 1.0]
[0.4, 0.6000000000000001, 0.8, 1.0]
[0.4, 0.6000000000000001, 0.8, 1.0]
[0.4, 0.6000000000000001, 0.8, 1.0]
[0.4, 0.6000000000000001, 0.8, 1.0]
[0.4, 0.6000000000000001, 0.8, 1.0]
[0.4, 0.6000000000000001, 0.8, 1.0]
[0.4, 0.6000000000000001, 0.8, 1.0]
[0.4, 0.6000000000000001, 0.8, 1.0]
[0.4, 0.6000000000000001, 0.8, 1.0]
[0.4, 0.6000000000000001, 0.8, 1.0]
[0.4, 0.6000000000000001, 0.8, 1.0]
[0.4, 0.6000000000000001, 0.8, 1.0]
[0.4, 0.6000000000000001, 0.8, 1.0]
[0.4, 0.6000000000000001, 0.8, 0.9666666666666667, 1.0]
[0.4, 0.6000000000000001, 0.8, 0.9666666666666667, 1.0]
[0.4, 0.6000000000000001, 0.8, 0.9666666666666667, 1.0]
[0.4, 0.6000000000000001, 0.8, 0.9666666666666667, 1.0]
[0.4, 0.6000000000000001, 0.8, 0.9666666666666667, 1.0]
[0.4, 0.6000000000000001, 0.8, 0.9666666666666667, 1.0]
[0.4, 0.6000000000000001, 0.8, 0.9666666666666667, 1.0]
[0.4, 0.6000000000000001, 0.8, 0.9666666666666667, 1.0]
[0.4, 0.6000000000000001, 0.8, 0.9666666666666667, 1.0]
[1.0]
[1.0]
[1.0]
[0.8333333333333334, 1.0]
[0.8333333333333334, 1.0]
[0.8333333333333334, 1.0]
[0.8333333333333334, 1.0]
[0.8333333333333334, 1.0]
[0.8333333333333334, 1.0]
[0.8333333333333334, 1.0]
[0.6333333333333333, 0.7999999999999999, 0.9666666666666666, 0.9999999999999999]
[0.6333333333333333, 0.7999999999999999, 0.9666666666666666, 0.9999999999999999]
[0.6333333333333333, 0.7999999999999999, 0.9666666666666666, 0.9999999999999999]
[0.6333333333333333, 0.7999999999999999, 0.9666666666666666, 0.9999999999999999]
[0.6333333333333333, 0.7999999999999999, 0.9666666666666666, 0.9999999999999999]
[0.6333333333333333, 0.7999999999999999, 0.9666666666666666, 0.9999999999999999]
[0.6333333333333333, 0.7999999999999999, 0.9666666666666666, 0.9999999999999999]
[0.6333333333333333, 0.7999999999999999, 0.9666666666666666, 0.9999999999999999]
[0.6333333333333333, 0.7999999999999999, 0.9666666666666666, 0.9999999999999999]
[0.6333333333333333, 0.7999999999999999, 0.9666666666666666, 0.9999999999999999]
[0.6333333333333333, 0.7999999999999999, 0.9666666666666666, 0.9999999999999999]
[0.6333333333333333, 0.7999999999999999, 0.9666666666666666, 0.9999999999999999]
[0.6333333333333333, 0.7999999999999999, 0.9666666666666666, 0.9999999999999999]
[0.6333333333333333, 0.7999999999999999, 0.9666666666666666, 0.9999999999999999]
[0.6333333333333333, 0.7999999999999999, 0.9666666666666666, 0.9999999999999999]
[0.6333333333333333, 0.7999999999999999, 0.9666666666666666, 0.9999999999999999]
[0.6333333333333333, 0.7999999999999999, 0.9666666666666666, 0.9999999999999999]
[0.6333333333333333, 0.7999999999999999, 0.9666666666666666, 0.9999999999999999]
[0.6333333333333333, 0.7999999999999999, 0.9666666666666666, 0.9999999999999999]
[0.6333333333333333, 0.7999999999999999, 0.9666666666666666, 0.9999999999999999]
[0.6333333333333333, 0.7999999999999999, 0.9666666666666666, 0.9999999999999999]
[0.6333333333333333, 0.7999999999999999, 0.9666666666666666, 0.9999999999999999]
[0.6333333333333333, 0.7999999999999999, 0.9666666666666666, 0.9999999999999999]
[0.6333333333333333, 0.7999999999999999, 0.9666666666666666, 0.9999999999999999]
[0.6333333333333333, 0.7999999999999999, 0.9666666666666666, 0.9999999999999999]
[0.6333333333333333, 0.7999999999999999, 0.9666666666666666, 0.9999999999999999]
[0.6333333333333333, 0.7999999999999999, 0.9666666666666666, 0.9999999999999999]
[0.6333333333333333, 0.7999999999999999, 0.9666666666666666, 0.9999999999999999]
[0.6333333333333333, 0.7999999999999999, 0.9666666666666666, 0.9999999999999999]
[0.6333333333333333, 0.7999999999999999, 0.9666666666666666, 0.9999999999999999]
[1.0]
[0.9666666666666667, 1.0]
[0.9666666666666667, 1.0]
[1.0]
[1.0]
[0.9666666666666667, 1.0]
[0.9666666666666667, 1.0]
[0.9666666666666667, 1.0]
[0.9666666666666667, 1.0]
[1.0]
[0.8666666666666667, 1.0]
[0.9, 1.0]
[0.9, 1.0]
[0.9, 1.0]
[0.9, 1.0]
[0.9, 1.0]
[0.9, 1.0]
[0.9, 1.0]
[0.9, 1.0]
[0.9, 1.0]
[0.9, 1.0]
[0.9, 1.0]
[0.9, 1.0]
[0.9, 1.0]
[0.7333333333333333, 0.8999999999999999, 0.9999999999999999]
[0.43333333333333335, 0.7333333333333334, 0.9, 1.0]
[0.4, 0.7, 0.8666666666666666, 0.9666666666666666, 0.9999999999999999]
[0.4, 0.7, 0.8666666666666666, 0.9666666666666666, 0.9999999999999999]
[0.4, 0.7, 0.8666666666666666, 0.9999999999999999]
[0.4, 0.7, 0.8666666666666666, 0.9999999999999999]
[0.4, 0.7, 0.8666666666666666, 0.9999999999999999]
[0.4, 0.7, 0.8666666666666666, 0.9999999999999999]
[0.4, 0.7, 0.8666666666666666, 0.9999999999999999]
[0.4, 0.7, 0.8666666666666666, 0.9999999999999999]
[0.4, 0.7, 0.8666666666666666, 0.9999999999999999]
[0.4, 0.7, 0.8666666666666666, 0.9999999999999999]
[0.4, 0.6666666666666667, 0.8333333333333334, 1.0]
[0.4, 0.6666666666666667, 0.8333333333333334, 1.0]
[0.4, 0.6333333333333333, 0.8333333333333333, 0.9999999999999999]
[0.4, 0.6333333333333333, 0.8333333333333333, 0.9999999999999999]
[0.4, 0.6333333333333333, 0.8333333333333333, 0.9999999999999999]
[0.4, 0.6333333333333333, 0.8333333333333333, 0.9999999999999999]
[0.4, 0.6333333333333333, 0.8333333333333333, 0.9999999999999999]
[0.4, 0.6333333333333333, 0.8333333333333333, 0.9999999999999999]
[0.4, 0.6333333333333333, 0.8333333333333333, 0.9999999999999999]
[0.23333333333333334, 0.4666666666666667, 0.6666666666666667, 0.8333333333333334, 1.0]
[0.23333333333333334, 0.43333333333333335, 0.6333333333333333, 0.7999999999999999, 0.9666666666666666]
[0.23333333333333334, 0.43333333333333335, 0.6333333333333333, 0.7999999999999999, 0.9666666666666666]
[0.23333333333333334, 0.43333333333333335, 0.6333333333333333, 0.7999999999999999, 0.9666666666666666]
[0.23333333333333334, 0.43333333333333335, 0.6333333333333333, 0.7999999999999999, 0.9666666666666666]
[0.23333333333333334, 0.43333333333333335, 0.6333333333333333, 0.7999999999999999, 0.9666666666666666]
[0.23333333333333334, 0.43333333333333335, 0.6333333333333333, 0.7999999999999999, 0.9666666666666666]
[0.23333333333333334, 0.43333333333333335, 0.6333333333333333, 0.7999999999999999, 0.9666666666666666]
[0.23333333333333334, 0.43333333333333335, 0.6333333333333333, 0.7999999999999999, 0.9666666666666666]
[0.23333333333333334, 0.43333333333333335, 0.6333333333333333, 0.7999999999999999, 0.9666666666666666]
[0.23333333333333334, 0.43333333333333335, 0.6333333333333333, 0.7999999999999999, 0.9666666666666666]
[0.23333333333333334, 0.43333333333333335, 0.6333333333333333, 0.7999999999999999, 0.9666666666666666]
[0.23333333333333334, 0.43333333333333335, 0.6333333333333333, 0.7999999999999999, 0.9666666666666666]
[0.23333333333333334, 0.43333333333333335, 0.6333333333333333, 0.7999999999999999, 0.9666666666666666]
[0.23333333333333334, 0.43333333333333335, 0.6333333333333333, 0.7999999999999999, 0.9666666666666666]
[0.23333333333333334, 0.43333333333333335, 0.6333333333333333, 0.7999999999999999, 0.9666666666666666]
[0.23333333333333334, 0.43333333333333335, 0.6333333333333333, 0.7999999999999999, 0.9666666666666666]
[0.23333333333333334, 0.43333333333333335, 0.6333333333333333, 0.7999999999999999, 0.9666666666666666]
[0.23333333333333334, 0.43333333333333335, 0.6333333333333333, 0.7999999999999999, 0.9666666666666666]
[0.26666666666666666, 0.4666666666666667, 0.6666666666666667, 0.8333333333333334, 0.9666666666666667]
[0.26666666666666666, 0.4666666666666667, 0.6666666666666667, 0.8333333333333334, 0.9666666666666667]
[0.26666666666666666, 0.4666666666666667, 0.6666666666666667, 0.8333333333333334, 0.9666666666666667]
[0.26666666666666666, 0.4666666666666667, 0.6666666666666667, 0.8333333333333334, 0.9666666666666667]
[0.26666666666666666, 0.4666666666666667, 0.6666666666666667, 0.8333333333333334, 0.9666666666666667]
[0.26666666666666666, 0.4666666666666667, 0.6666666666666667, 0.8333333333333334, 0.9666666666666667]
[0.26666666666666666, 0.4666666666666667, 0.6666666666666667, 0.8333333333333334, 0.9666666666666667]
[0.26666666666666666, 0.4666666666666667, 0.6666666666666667, 0.8333333333333334, 0.9666666666666667]
[0.26666666666666666, 0.4666666666666667, 0.6666666666666667, 0.8333333333333334, 0.9666666666666667]
[0.26666666666666666, 0.4666666666666667, 0.6666666666666667, 0.8333333333333334, 0.9666666666666667]
[0.26666666666666666, 0.4666666666666667, 0.6666666666666667, 0.8333333333333334, 0.9666666666666667]
[0.26666666666666666, 0.4666666666666667, 0.6666666666666667, 0.8666666666666667, 1.0]
[0.26666666666666666, 0.4666666666666667, 0.6666666666666667, 0.8666666666666667, 1.0]
[0.26666666666666666, 0.4666666666666667, 0.6666666666666667, 0.8666666666666667, 1.0]
[0.26666666666666666, 0.4666666666666667, 0.6666666666666667, 0.8666666666666667, 1.0]
[0.26666666666666666, 0.4666666666666667, 0.6666666666666667, 0.8666666666666667, 1.0]
[0.26666666666666666, 0.4666666666666667, 0.6666666666666667, 0.8666666666666667, 1.0]
[0.26666666666666666, 0.4666666666666667, 0.6666666666666667, 0.8666666666666667, 1.0]
[0.26666666666666666, 0.4666666666666667, 0.6666666666666667, 0.8666666666666667, 1.0]
[0.23333333333333334, 0.43333333333333335, 0.6333333333333333, 0.8333333333333333, 0.9666666666666666]
[0.23333333333333334, 0.43333333333333335, 0.6333333333333333, 0.8333333333333333, 0.9666666666666666]
[0.23333333333333334, 0.43333333333333335, 0.6333333333333333, 0.8333333333333333, 0.9666666666666666]
[0.23333333333333334, 0.43333333333333335, 0.6333333333333333, 0.8333333333333333, 0.9666666666666666]
[0.23333333333333334, 0.43333333333333335, 0.6333333333333333, 0.8333333333333333, 0.9666666666666666]
[0.23333333333333334, 0.43333333333333335, 0.6333333333333333, 0.8333333333333333, 0.9666666666666666]
[0.23333333333333334, 0.43333333333333335, 0.6333333333333333, 0.8333333333333333, 0.9666666666666666]
[0.23333333333333334, 0.43333333333333335, 0.6333333333333333, 0.8333333333333333, 0.9666666666666666]
[0.23333333333333334, 0.43333333333333335, 0.6333333333333333, 0.8333333333333333, 0.9666666666666666]
[0.23333333333333334, 0.43333333333333335, 0.6333333333333333, 0.8333333333333333, 0.9666666666666666]
[0.23333333333333334, 0.43333333333333335, 0.6333333333333333, 0.8333333333333333, 0.9666666666666666]
[0.23333333333333334, 0.43333333333333335, 0.6333333333333333, 0.8333333333333333, 0.9666666666666666]
[0.23333333333333334, 0.43333333333333335, 0.6333333333333333, 0.8333333333333333, 0.9666666666666666]
[0.23333333333333334, 0.43333333333333335, 0.6333333333333333, 0.8333333333333333, 0.9666666666666666]
[0.23333333333333334, 0.43333333333333335, 0.6333333333333333, 0.8333333333333333, 0.9666666666666666]
[0.23333333333333334, 0.43333333333333335, 0.6333333333333333, 0.8333333333333333, 0.9666666666666666]
[0.23333333333333334, 0.43333333333333335, 0.6333333333333333, 0.8333333333333333, 0.9666666666666666]
[0.23333333333333334, 0.43333333333333335, 0.6333333333333333, 0.8333333333333333, 0.9666666666666666]
[0.23333333333333334, 0.43333333333333335, 0.6333333333333333, 0.8333333333333333, 0.9666666666666666]
[0.23333333333333334, 0.43333333333333335, 0.6333333333333333, 0.8333333333333333, 0.9666666666666666]
[0.23333333333333334, 0.43333333333333335, 0.6333333333333333, 0.8333333333333333, 0.9666666666666666]
[0.2, 0.4, 0.6000000000000001, 0.8, 0.9333333333333333]
[0.2, 0.4, 0.6000000000000001, 0.8, 0.9333333333333333]
[0.2, 0.4, 0.6000000000000001, 0.8, 0.9333333333333333]
[0.2, 0.4, 0.6000000000000001, 0.8, 0.9333333333333333]
[0.23333333333333334, 0.43333333333333335, 0.6333333333333333, 0.8333333333333333, 0.9666666666666666]
[0.23333333333333334, 0.43333333333333335, 0.6333333333333333, 0.8333333333333333, 0.9666666666666666]
[1.0]
[1.0]
[1.0]
[1.0]
[1.0]
[1.0]
[1.0]
[1.0]
[0.9666666666666667, 1.0]
[0.9666666666666667, 1.0]
[0.9666666666666667, 1.0]
[0.7666666666666667, 0.9333333333333333, 1.0]
[0.7666666666666667, 0.9333333333333333, 1.0]
[0.7666666666666667, 0.9333333333333333, 1.0]
[0.7666666666666667, 0.9333333333333333, 1.0]
[0.7666666666666667, 0.9333333333333333, 1.0]
[0.7666666666666667, 0.9333333333333333, 1.0]
[0.7666666666666667, 0.9333333333333333, 1.0]
[0.7666666666666667, 0.9333333333333333, 1.0]
[0.7666666666666667, 0.9333333333333333, 1.0]
[0.7666666666666667, 0.9333333333333333, 1.0]
[0.7666666666666667, 0.9333333333333333, 1.0]
[0.7666666666666667, 0.9333333333333333, 1.0]
[0.7666666666666667, 0.9333333333333333, 1.0]
[0.7666666666666667, 0.9333333333333333, 1.0]
[0.7666666666666667, 0.9333333333333333, 1.0]
[0.7666666666666667, 0.9333333333333333, 1.0]
[0.6666666666666666, 0.8666666666666667, 1.0]
[0.5666666666666667, 0.7666666666666666, 0.9666666666666666, 0.9999999999999999]
[0.5666666666666667, 0.7666666666666666, 0.9666666666666666, 0.9999999999999999]
[0.5666666666666667, 0.7666666666666666, 0.9666666666666666, 0.9999999999999999]
[0.5666666666666667, 0.7666666666666666, 0.9666666666666666, 0.9999999999999999]
[0.5666666666666667, 0.7666666666666666, 0.9666666666666666, 0.9999999999999999]
[0.5666666666666667, 0.7666666666666666, 0.9666666666666666, 0.9999999999999999]
[0.5666666666666667, 0.7666666666666666, 0.9666666666666666, 0.9999999999999999]
[0.5666666666666667, 0.7666666666666666, 0.9666666666666666, 0.9999999999999999]
[0.5666666666666667, 0.7666666666666666, 0.9666666666666666, 0.9999999999999999]
[0.6, 0.8, 1.0]
[0.6, 0.8, 1.0]
[0.6, 0.8, 1.0]
[0.6, 0.8, 1.0]
[0.6, 0.8, 1.0]
[0.6, 0.8, 1.0]
[0.6, 0.8, 1.0]
[0.6, 0.8, 1.0]
[0.6, 0.8, 1.0]
[0.6, 0.8, 1.0]
[0.6, 0.8, 1.0]
[0.6, 0.8, 1.0]
[0.6, 0.8, 1.0]
[0.6, 0.8, 1.0]
[0.6, 0.8, 1.0]
[0.6, 0.8, 1.0]
[0.6, 0.8, 1.0]
[0.6, 0.8, 1.0]
[0.5666666666666667, 0.7666666666666666, 0.9666666666666666, 0.9999999999999999]
[0.36666666666666664, 0.5666666666666667, 0.7666666666666666, 0.9666666666666666, 0.9999999999999999]
[0.36666666666666664, 0.5666666666666667, 0.7666666666666666, 0.9666666666666666, 0.9999999999999999]
[0.36666666666666664, 0.5666666666666667, 0.7666666666666666, 0.9666666666666666, 0.9999999999999999]
[0.36666666666666664, 0.5666666666666667, 0.7666666666666666, 0.9666666666666666, 0.9999999999999999]
[0.36666666666666664, 0.5666666666666667, 0.7666666666666666, 0.9666666666666666, 0.9999999999999999]
[0.36666666666666664, 0.5666666666666667, 0.7666666666666666, 0.9666666666666666, 0.9999999999999999]
[0.36666666666666664, 0.5666666666666667, 0.7666666666666666, 0.9666666666666666, 0.9999999999999999]
[0.36666666666666664, 0.5666666666666667, 0.7666666666666666, 0.9666666666666666, 0.9999999999999999]
[0.36666666666666664, 0.5666666666666667, 0.7666666666666666, 0.9666666666666666, 0.9999999999999999]
[0.36666666666666664, 0.5666666666666667, 0.7666666666666666, 0.9666666666666666, 0.9999999999999999]
[0.36666666666666664, 0.5666666666666667, 0.7666666666666666, 0.9666666666666666, 0.9999999999999999]
[0.36666666666666664, 0.5666666666666667, 0.7666666666666666, 0.9666666666666666, 0.9999999999999999]
[0.36666666666666664, 0.5666666666666667, 0.7666666666666666, 0.9666666666666666, 0.9999999999999999]
[0.36666666666666664, 0.5666666666666667, 0.7666666666666666, 0.9666666666666666, 0.9999999999999999]
[0.36666666666666664, 0.5666666666666667, 0.7666666666666666, 0.9666666666666666, 0.9999999999999999]
[0.36666666666666664, 0.5666666666666667, 0.7666666666666666, 0.9666666666666666, 0.9999999999999999]
[0.36666666666666664, 0.5666666666666667, 0.7666666666666666, 0.9666666666666666, 0.9999999999999999]
[0.36666666666666664, 0.5666666666666667, 0.7666666666666666, 0.9666666666666666, 0.9999999999999999]
[0.36666666666666664, 0.5666666666666667, 0.7666666666666666, 0.9666666666666666, 0.9999999999999999]
[0.36666666666666664, 0.5666666666666667, 0.7666666666666666, 0.9666666666666666, 0.9999999999999999]
[0.36666666666666664, 0.5666666666666667, 0.7666666666666666, 0.9666666666666666, 0.9999999999999999]
[0.36666666666666664, 0.5666666666666667, 0.7666666666666666, 0.9666666666666666, 0.9999999999999999]
[0.36666666666666664, 0.5666666666666667, 0.7666666666666666, 0.9666666666666666, 0.9999999999999999]
[0.36666666666666664, 0.5666666666666667, 0.7666666666666666, 0.9666666666666666, 0.9999999999999999]
[0.36666666666666664, 0.5666666666666667, 0.7666666666666666, 0.9666666666666666, 0.9999999999999999]
[0.36666666666666664, 0.5666666666666667, 0.7666666666666666, 0.9666666666666666, 0.9999999999999999]
[0.36666666666666664, 0.5666666666666667, 0.7666666666666666, 0.9666666666666666, 0.9999999999999999]
[0.36666666666666664, 0.5666666666666667, 0.7666666666666666, 0.9666666666666666, 0.9999999999999999]
[0.36666666666666664, 0.5666666666666667, 0.7666666666666666, 0.9666666666666666, 0.9999999999999999]
[0.36666666666666664, 0.5666666666666667, 0.7666666666666666, 0.9666666666666666, 0.9999999999999999]
[0.36666666666666664, 0.5666666666666667, 0.7666666666666666, 0.9666666666666666, 0.9999999999999999]
[0.36666666666666664, 0.5666666666666667, 0.7666666666666666, 0.9666666666666666, 0.9999999999999999]
[0.36666666666666664, 0.5666666666666667, 0.7666666666666666, 0.9666666666666666, 0.9999999999999999]
[0.36666666666666664, 0.5666666666666667, 0.7666666666666666, 0.9666666666666666, 0.9999999999999999]
[0.36666666666666664, 0.5666666666666667, 0.7666666666666666, 0.9666666666666666, 0.9999999999999999]
[0.36666666666666664, 0.5666666666666667, 0.7666666666666666, 0.9666666666666666, 0.9999999999999999]
[0.36666666666666664, 0.5666666666666667, 0.7666666666666666, 0.9666666666666666, 0.9999999999999999]
[0.36666666666666664, 0.5666666666666667, 0.7666666666666666, 0.9666666666666666, 0.9999999999999999]
[0.36666666666666664, 0.5666666666666667, 0.7666666666666666, 0.9666666666666666, 0.9999999999999999]
[0.36666666666666664, 0.5666666666666667, 0.7666666666666666, 0.9666666666666666, 0.9999999999999999]
[0.36666666666666664, 0.5666666666666667, 0.7666666666666666, 0.9666666666666666, 0.9999999999999999]
[0.36666666666666664, 0.5666666666666667, 0.7666666666666666, 0.9666666666666666, 0.9999999999999999]
[0.36666666666666664, 0.5666666666666667, 0.7666666666666666, 0.9666666666666666, 0.9999999999999999]
[0.36666666666666664, 0.5666666666666667, 0.7666666666666666, 0.9666666666666666, 0.9999999999999999]
[0.36666666666666664, 0.5666666666666667, 0.7666666666666666, 0.9666666666666666, 0.9999999999999999]
