[1.0]
[1.0]
[1.0]
[1.0]
[0.9666666666666667, 0.03333333333333333]
[0.9666666666666667, 0.03333333333333333]
[0.8, 0.16666666666666666, 0.03333333333333333]
[0.6333333333333333, 0.2, 0.13333333333333333, 0.03333333333333333]
[0.6333333333333333, 0.2, 0.13333333333333333, 0.03333333333333333]
[0.6333333333333333, 0.2, 0.13333333333333333, 0.03333333333333333]
[0.6333333333333333, 0.2, 0.13333333333333333, 0.03333333333333333]
[0.6333333333333333, 0.2, 0.13333333333333333, 0.03333333333333333]
[0.6333333333333333, 0.2, 0.13333333333333333, 0.03333333333333333]
[0.6333333333333333, 0.2, 0.13333333333333333, 0.03333333333333333]
[0.6333333333333333, 0.2, 0.13333333333333333, 0.03333333333333333]
[0.6333333333333333, 0.2, 0.13333333333333333, 0.03333333333333333]
[0.6333333333333333, 0.2, 0.13333333333333333, 0.03333333333333333]
[0.6333333333333333, 0.2, 0.13333333333333333, 0.03333333333333333]
[0.6333333333333333, 0.2, 0.13333333333333333, 0.03333333333333333]
[0.6333333333333333, 0.2, 0.13333333333333333, 0.03333333333333333]
[0.6333333333333333, 0.2, 0.13333333333333333, 0.03333333333333333]
[0.6333333333333333, 0.2, 0.13333333333333333, 0.03333333333333333]
[1.0]
[0.8, 0.2]
[0.8, 0.2]
[0.8, 0.2]
[0.8, 0.2]
[0.4, 0.4, 0.2]
[0.4, 0.4, 0.2]
[0.4, 0.2, 0.2, 0.2]
[0.4, 0.2, 0.2, 0.2]
[0.4, 0.2, 0.2, 0.2]
[0.4, 0.2, 0.2, 0.2]
[0.4, 0.2, 0.2, 0.2]
[0.4, 0.2, 0.2, 0.2]
[0.4, 0.2, 0.2, 0.2]
[0.4, 0.2, 0.2, 0.2]
[0.4, 0.2, 0.2, 0.2]
[0.4, 0.2, 0.2, 0.2]
[0.4, 0.2, 0.2, 0.2]
[0.4, 0.2, 0.2, 0.2]
[0.4, 0.2, 0.2, 0.2]
[0.4, 0.2, 0.2, 0.2]
[0.4, 0.2, 0.2, 0.2]
[0.4, 0.2, 0.2, 0.2]
[0.4, 0.2, 0.2, 0.2]
[0.4, 0.2, 0.2, 0.2]
[0.4, 0.2, 0.2, 0.2]
[0.4, 0.2, 0.2, 0.2]
[0.4, 0.2, 0.2, 0.2]
[0.4, 0.2, 0.2, 0.2]
[0.4, 0.2, 0.2, 0.2]
[0.4, 0.2, 0.2, 0.2]
[0.36666666666666664, 0.23333333333333334, 0.2, 0.2]
[0.36666666666666664, 0.23333333333333334, 0.2, 0.2]
[0.36666666666666664, 0.23333333333333334, 0.2, 0.2]
[0.36666666666666664, 0.23333333333333334, 0.2, 0.2]
[0.36666666666666664, 0.23333333333333334, 0.2, 0.2]
[0.36666666666666664, 0.23333333333333334, 0.2, 0.2]
[0.36666666666666664, 0.23333333333333334, 0.2, 0.2]
[0.36666666666666664, 0.23333333333333334, 0.2, 0.2]
[0.36666666666666664, 0.23333333333333334, 0.2, 0.2]
[0.36666666666666664, 0.23333333333333334, 0.2, 0.2]
[0.36666666666666664, 0.23333333333333334, 0.2, 0.2]
[0.36666666666666664, 0.23333333333333334, 0.2, 0.2]
[0.36666666666666664, 0.23333333333333334, 0.2, 0.2]
[0.36666666666666664, 0.23333333333333334, 0.2, 0.2]
[0.36666666666666664, 0.23333333333333334, 0.2, 0.2]
[0.36666666666666664, 0.23333333333333334, 0.2, 0.2]
[0.36666666666666664, 0.23333333333333334, 0.2, 0.2]
[0.36666666666666664, 0.23333333333333334, 0.2, 0.2]
[0.36666666666666664, 0.23333333333333334, 0.2, 0.2]
[0.36666666666666664, 0.23333333333333334, 0.2, 0.2]
[0.36666666666666664, 0.23333333333333334, 0.2, 0.2]
[0.36666666666666664, 0.23333333333333334, 0.2, 0.2]
[0.36666666666666664, 0.23333333333333334, 0.2, 0.2]
[0.36666666666666664, 0.23333333333333334, 0.2, 0.2]
[0.36666666666666664, 0.23333333333333334, 0.2, 0.16666666666666666, 0.03333333333333333]
[0.36666666666666664, 0.23333333333333334, 0.2, 0.2]
[0.36666666666666664, 0.23333333333333334, 0.2, 0.2]
[0.36666666666666664, 0.23333333333333334, 0.2, 0.2]
[0.36666666666666664, 0.23333333333333334, 0.2, 0.2]
[0.4, 0.2, 0.2, 0.2]
[0.4, 0.2, 0.2, 0.2]
[0.4, 0.2, 0.2, 0.2]
[0.4, 0.2, 0.2, 0.2]
[0.4, 0.2, 0.2, 0.2]
[0.4, 0.2, 0.2, 0.2]
[0.4, 0.2, 0.2, 0.2]
[0.4, 0.2, 0.2, 0.2]
[0.4, 0.2, 0.2, 0.2]
[0.4, 0.2, 0.2, 0.2]
[0.4, 0.2, 0.2, 0.2]
[0.4, 0.2, 0.2, 0.2]
[0.4, 0.2, 0.2, 0.2]
[0.4, 0.2, 0.2, 0.2]
[0.4, 0.2, 0.2, 0.2]
[0.4, 0.2, 0.2, 0.2]
[0.4, 0.2, 0.2, 0.2]
[0.4, 0.2, 0.2, 0.2]
[0.4, 0.2, 0.2, 0.2]
[0.4, 0.2, 0.2, 0.2]
[0.4, 0.2, 0.2, 0.2]
[0.4, 0.2, 0.2, 0.2]
[0.4, 0.2, 0.2, 0.2]
[0.4, 0.2, 0.2, 0.2]
[0.4, 0.2, 0.2, 0.2]
[0.4, 0.2, 0.2, 0.2]
[0.4, 0.2, 0.2, 0.2]
[0.4, 0.2, 0.2, 0.2]
[0.4, 0.2, 0.2, 0.2]
[0.4, 0.2, 0.2, 0.2]
[0.4, 0.2, 0.2, 0.2]
[0.4, 0.2, 0.2, 0.2]
[0.4, 0.2, 0.2, 0.16666666666666666, 0.03333333333333333]
[0.4, 0.2, 0.2, 0.16666666666666666, 0.03333333333333333]
[0.4, 0.2, 0.2, 0.16666666666666666, 0.03333333333333333]
[0.4, 0.2, 0.2, 0.16666666666666666, 0.03333333333333333]
[0.4, 0.2, 0.2, 0.16666666666666666, 0.03333333333333333]
[0.4, 0.2, 0.2, 0.16666666666666666, 0.03333333333333333]
[0.4, 0.2, 0.2, 0.16666666666666666, 0.03333333333333333]
[0.4, 0.2, 0.2, 0.16666666666666666, 0.03333333333333333]
[0.4, 0.2, 0.2, 0.16666666666666666, 0.03333333333333333]
[1.0]
[1.0]
[1.0]
[0.8333333333333334, 0.16666666666666666]
[0.8333333333333334, 0.16666666666666666]
[0.8333333333333334, 0.16666666666666666]
[0.8333333333333334, 0.16666666666666666]
[0.8333333333333334, 0.16666666666666666]
[0.8333333333333334, 0.16666666666666666]
[0.8333333333333334, 0.16666666666666666]
[0.6333333333333333, 0.16666666666666666, 0.16666666666666666, 0.03333333333333333]
[0.6333333333333333, 0.16666666666666666, 0.16666666666666666, 0.03333333333333333]
[0.6333333333333333, 0.16666666666666666, 0.16666666666666666, 0.03333333333333333]
[0.6333333333333333, 0.16666666666666666, 0.16666666666666666, 0.03333333333333333]
[0.6333333333333333, 0.16666666666666666, 0.16666666666666666, 0.03333333333333333]
[0.6333333333333333, 0.16666666666666666, 0.16666666666666666, 0.03333333333333333]
[0.6333333333333333, 0.16666666666666666, 0.16666666666666666, 0.03333333333333333]
[0.6333333333333333, 0.16666666666666666, 0.16666666666666666, 0.03333333333333333]
[0.6333333333333333, 0.16666666666666666, 0.16666666666666666, 0.03333333333333333]
[0.6333333333333333, 0.16666666666666666, 0.16666666666666666, 0.03333333333333333]
[0.6333333333333333, 0.16666666666666666, 0.16666666666666666, 0.03333333333333333]
[0.6333333333333333, 0.16666666666666666, 0.16666666666666666, 0.03333333333333333]
[0.6333333333333333, 0.16666666666666666, 0.16666666666666666, 0.03333333333333333]
[0.6333333333333333, 0.16666666666666666, 0.16666666666666666, 0.03333333333333333]
[0.6333333333333333, 0.16666666666666666, 0.16666666666666666, 0.03333333333333333]
[0.6333333333333333, 0.16666666666666666, 0.16666666666666666, 0.03333333333333333]
[0.6333333333333333, 0.16666666666666666, 0.16666666666666666, 0.03333333333333333]
[0.6333333333333333, 0.16666666666666666, 0.16666666666666666, 0.03333333333333333]
[0.6333333333333333, 0.16666666666666666, 0.16666666666666666, 0.03333333333333333]
[0.6333333333333333, 0.16666666666666666, 0.16666666666666666, 0.03333333333333333]
[0.6333333333333333, 0.16666666666666666, 0.16666666666666666, 0.03333333333333333]
[0.6333333333333333, 0.16666666666666666, 0.16666666666666666, 0.03333333333333333]
[0.6333333333333333, 0.16666666666666666, 0.16666666666666666, 0.03333333333333333]
[0.6333333333333333, 0.16666666666666666, 0.16666666666666666, 0.03333333333333333]
[0.6333333333333333, 0.16666666666666666, 0.16666666666666666, 0.03333333333333333]
[0.6333333333333333, 0.16666666666666666, 0.16666666666666666, 0.03333333333333333]
[0.6333333333333333, 0.16666666666666666, 0.16666666666666666, 0.03333333333333333]
[0.6333333333333333, 0.16666666666666666, 0.16666666666666666, 0.03333333333333333]
[0.6333333333333333, 0.16666666666666666, 0.16666666666666666, 0.03333333333333333]
[0.6333333333333333, 0.16666666666666666, 0.16666666666666666, 0.03333333333333333]
[1.0]
[0.9666666666666667, 0.03333333333333333]
[0.9666666666666667, 0.03333333333333333]
[1.0]
[1.0]
[0.9666666666666667, 0.03333333333333333]
[0.9666666666666667, 0.03333333333333333]
[0.9666666666666667, 0.03333333333333333]
[0.9666666666666667, 0.03333333333333333]
[1.0]
[0.8666666666666667, 0.13333333333333333]
[0.9, 0.1]
[0.9, 0.1]
[0.9, 0.1]
[0.9, 0.1]
[0.9, 0.1]
[0.9, 0.1]
[0.9, 0.1]
[0.9, 0.1]
[0.9, 0.1]
[0.9, 0.1]
[0.9, 0.1]
[0.9, 0.1]
[0.9, 0.1]
[0.7333333333333333, 0.16666666666666666, 0.1]
[0.43333333333333335, 0.3, 0.16666666666666666, 0.1]
[0.4, 0.3, 0.16666666666666666, 0.1, 0.03333333333333333]
[0.4, 0.3, 0.16666666666666666, 0.1, 0.03333333333333333]
[0.4, 0.3, 0.16666666666666666, 0.13333333333333333]
[0.4, 0.3, 0.16666666666666666, 0.13333333333333333]
[0.4, 0.3, 0.16666666666666666, 0.13333333333333333]
[0.4, 0.3, 0.16666666666666666, 0.13333333333333333]
[0.4, 0.3, 0.16666666666666666, 0.13333333333333333]
[0.4, 0.3, 0.16666666666666666, 0.13333333333333333]
[0.4, 0.3, 0.16666666666666666, 0.13333333333333333]
[0.4, 0.3, 0.16666666666666666, 0.13333333333333333]
[0.4, 0.26666666666666666, 0.16666666666666666, 0.16666666666666666]
[0.4, 0.26666666666666666, 0.16666666666666666, 0.16666666666666666]
[0.4, 0.23333333333333334, 0.2, 0.16666666666666666]
[0.4, 0.23333333333333334, 0.2, 0.16666666666666666]
[0.4, 0.23333333333333334, 0.2, 0.16666666666666666]
[0.4, 0.23333333333333334, 0.2, 0.16666666666666666]
[0.4, 0.23333333333333334, 0.2, 0.16666666666666666]
[0.4, 0.23333333333333334, 0.2, 0.16666666666666666]
[0.4, 0.23333333333333334, 0.2, 0.16666666666666666]
[0.23333333333333334, 0.23333333333333334, 0.2, 0.16666666666666666, 0.16666666666666666]
[0.23333333333333334, 0.2, 0.2, 0.16666666666666666, 0.16666666666666666, 0.03333333333333333]
[0.23333333333333334, 0.2, 0.2, 0.16666666666666666, 0.16666666666666666, 0.03333333333333333]
[0.23333333333333334, 0.2, 0.2, 0.16666666666666666, 0.16666666666666666, 0.03333333333333333]
[0.23333333333333334, 0.2, 0.2, 0.16666666666666666, 0.16666666666666666, 0.03333333333333333]
[0.23333333333333334, 0.2, 0.2, 0.16666666666666666, 0.16666666666666666, 0.03333333333333333]
[0.23333333333333334, 0.2, 0.2, 0.16666666666666666, 0.16666666666666666, 0.03333333333333333]
[0.23333333333333334, 0.2, 0.2, 0.16666666666666666, 0.16666666666666666, 0.03333333333333333]
[0.23333333333333334, 0.2, 0.2, 0.16666666666666666, 0.16666666666666666, 0.03333333333333333]
[0.23333333333333334, 0.2, 0.2, 0.16666666666666666, 0.16666666666666666, 0.03333333333333333]
[0.23333333333333334, 0.2, 0.2, 0.16666666666666666, 0.16666666666666666, 0.03333333333333333]
[0.23333333333333334, 0.2, 0.2, 0.16666666666666666, 0.16666666666666666, 0.03333333333333333]
[0.23333333333333334, 0.2, 0.2, 0.16666666666666666, 0.16666666666666666, 0.03333333333333333]
[0.23333333333333334, 0.2, 0.2, 0.16666666666666666, 0.16666666666666666, 0.03333333333333333]
[0.23333333333333334, 0.2, 0.2, 0.16666666666666666, 0.16666666666666666, 0.03333333333333333]
[0.23333333333333334, 0.2, 0.2, 0.16666666666666666, 0.16666666666666666, 0.03333333333333333]
[0.23333333333333334, 0.2, 0.2, 0.16666666666666666, 0.16666666666666666, 0.03333333333333333]
[0.23333333333333334, 0.2, 0.2, 0.16666666666666666, 0.16666666666666666, 0.03333333333333333]
[0.23333333333333334, 0.2, 0.2, 0.16666666666666666, 0.16666666666666666, 0.03333333333333333]
[0.26666666666666666, 0.2, 0.2, 0.16666666666666666, 0.13333333333333333, 0.03333333333333333]
[0.26666666666666666, 0.2, 0.2, 0.16666666666666666, 0.13333333333333333, 0.03333333333333333]
[0.26666666666666666, 0.2, 0.2, 0.16666666666666666, 0.13333333333333333, 0.03333333333333333]
[0.26666666666666666, 0.2, 0.2, 0.16666666666666666, 0.13333333333333333, 0.03333333333333333]
[0.26666666666666666, 0.2, 0.2, 0.16666666666666666, 0.13333333333333333, 0.03333333333333333]
[0.26666666666666666, 0.2, 0.2, 0.16666666666666666, 0.13333333333333333, 0.03333333333333333]
[0.26666666666666666, 0.2, 0.2, 0.16666666666666666, 0.13333333333333333, 0.03333333333333333]
[0.26666666666666666, 0.2, 0.2, 0.16666666666666666, 0.13333333333333333, 0.03333333333333333]
[0.26666666666666666, 0.2, 0.2, 0.16666666666666666, 0.13333333333333333, 0.03333333333333333]
[0.26666666666666666, 0.2, 0.2, 0.16666666666666666, 0.13333333333333333, 0.03333333333333333]
[0.26666666666666666, 0.2, 0.2, 0.16666666666666666, 0.13333333333333333, 0.03333333333333333]
[0.26666666666666666, 0.2, 0.2, 0.2, 0.13333333333333333]
[0.26666666666666666, 0.2, 0.2, 0.2, 0.13333333333333333]
[0.26666666666666666, 0.2, 0.2, 0.2, 0.13333333333333333]
[0.26666666666666666, 0.2, 0.2, 0.2, 0.13333333333333333]
[0.26666666666666666, 0.2, 0.2, 0.2, 0.13333333333333333]
[0.26666666666666666, 0.2, 0.2, 0.2, 0.13333333333333333]
[0.26666666666666666, 0.2, 0.2, 0.2, 0.13333333333333333]
[0.26666666666666666, 0.2, 0.2, 0.2, 0.13333333333333333]
[0.23333333333333334, 0.2, 0.2, 0.2, 0.13333333333333333, 0.03333333333333333]
[0.23333333333333334, 0.2, 0.2, 0.2, 0.13333333333333333, 0.03333333333333333]
[0.23333333333333334, 0.2, 0.2, 0.2, 0.13333333333333333, 0.03333333333333333]
[0.23333333333333334, 0.2, 0.2, 0.2, 0.13333333333333333, 0.03333333333333333]
[0.23333333333333334, 0.2, 0.2, 0.2, 0.13333333333333333, 0.03333333333333333]
[0.23333333333333334, 0.2, 0.2, 0.2, 0.13333333333333333, 0.03333333333333333]
[0.23333333333333334, 0.2, 0.2, 0.2, 0.13333333333333333, 0.03333333333333333]
[0.23333333333333334, 0.2, 0.2, 0.2, 0.13333333333333333, 0.03333333333333333]
[0.23333333333333334, 0.2, 0.2, 0.2, 0.13333333333333333, 0.03333333333333333]
[0.23333333333333334, 0.2, 0.2, 0.2, 0.13333333333333333, 0.03333333333333333]
[0.23333333333333334, 0.2, 0.2, 0.2, 0.13333333333333333, 0.03333333333333333]
[0.23333333333333334, 0.2, 0.2, 0.2, 0.13333333333333333, 0.03333333333333333]
[0.23333333333333334, 0.2, 0.2, 0.2, 0.13333333333333333, 0.03333333333333333]
[0.23333333333333334, 0.2, 0.2, 0.2, 0.13333333333333333, 0.03333333333333333]
[0.23333333333333334, 0.2, 0.2, 0.2, 0.13333333333333333, 0.03333333333333333]
[0.23333333333333334, 0.2, 0.2, 0.2, 0.13333333333333333, 0.03333333333333333]
[0.23333333333333334, 0.2, 0.2, 0.2, 0.13333333333333333, 0.03333333333333333]
[0.23333333333333334, 0.2, 0.2, 0.2, 0.13333333333333333, 0.03333333333333333]
[0.23333333333333334, 0.2, 0.2, 0.2, 0.13333333333333333, 0.03333333333333333]
[0.23333333333333334, 0.2, 0.2, 0.2, 0.13333333333333333, 0.03333333333333333]
[0.23333333333333334, 0.2, 0.2, 0.2, 0.13333333333333333, 0.03333333333333333]
[0.2, 0.2, 0.2, 0.2, 0.13333333333333333, 0.03333333333333333, 0.03333333333333333]
[0.2, 0.2, 0.2, 0.2, 0.13333333333333333, 0.03333333333333333, 0.03333333333333333]
[0.2, 0.2, 0.2, 0.2, 0.13333333333333333, 0.03333333333333333, 0.03333333333333333]
[0.2, 0.2, 0.2, 0.2, 0.13333333333333333, 0.03333333333333333, 0.03333333333333333]
[0.23333333333333334, 0.2, 0.2, 0.2, 0.13333333333333333, 0.03333333333333333]
[0.23333333333333334, 0.2, 0.2, 0.2, 0.13333333333333333, 0.03333333333333333]
[1.0]
[1.0]
[1.0]
[1.0]
[1.0]
[1.0]
[1.0]
[1.0]
[0.9666666666666667, 0.03333333333333333]
[0.9666666666666667, 0.03333333333333333]
[0.9666666666666667, 0.03333333333333333]
[0.7666666666666667, 0.16666666666666666, 0.06666666666666667]
[0.7666666666666667, 0.16666666666666666, 0.06666666666666667]
[0.7666666666666667, 0.16666666666666666, 0.06666666666666667]
[0.7666666666666667, 0.16666666666666666, 0.06666666666666667]
[0.7666666666666667, 0.16666666666666666, 0.06666666666666667]
[0.7666666666666667, 0.16666666666666666, 0.06666666666666667]
[0.7666666666666667, 0.16666666666666666, 0.06666666666666667]
[0.7666666666666667, 0.16666666666666666, 0.06666666666666667]
[0.7666666666666667, 0.16666666666666666, 0.06666666666666667]
[0.7666666666666667, 0.16666666666666666, 0.06666666666666667]
[0.7666666666666667, 0.16666666666666666, 0.06666666666666667]
[0.7666666666666667, 0.16666666666666666, 0.06666666666666667]
[0.7666666666666667, 0.16666666666666666, 0.06666666666666667]
[0.7666666666666667, 0.16666666666666666, 0.06666666666666667]
[0.7666666666666667, 0.16666666666666666, 0.06666666666666667]
[0.7666666666666667, 0.16666666666666666, 0.06666666666666667]
[0.6666666666666666, 0.2, 0.13333333333333333]
[0.5666666666666667, 0.2, 0.2, 0.03333333333333333]
[0.5666666666666667, 0.2, 0.2, 0.03333333333333333]
[0.5666666666666667, 0.2, 0.2, 0.03333333333333333]
[0.5666666666666667, 0.2, 0.2, 0.03333333333333333]
[0.5666666666666667, 0.2, 0.2, 0.03333333333333333]
[0.5666666666666667, 0.2, 0.2, 0.03333333333333333]
[0.5666666666666667, 0.2, 0.2, 0.03333333333333333]
[0.5666666666666667, 0.2, 0.2, 0.03333333333333333]
[0.5666666666666667, 0.2, 0.2, 0.03333333333333333]
[0.6, 0.2, 0.2]
[0.6, 0.2, 0.2]
[0.6, 0.2, 0.2]
[0.6, 0.2, 0.2]
[0.6, 0.2, 0.2]
[0.6, 0.2, 0.2]
[0.6, 0.2, 0.2]
[0.6, 0.2, 0.2]
[0.6, 0.2, 0.2]
[0.6, 0.2, 0.2]
[0.6, 0.2, 0.2]
[0.6, 0.2, 0.2]
[0.6, 0.2, 0.2]
[0.6, 0.2, 0.2]
[0.6, 0.2, 0.2]
[0.6, 0.2, 0.2]
[0.6, 0.2, 0.2]
[0.6, 0.2, 0.2]
[0.5666666666666667, 0.2, 0.2, 0.03333333333333333]
[0.36666666666666664, 0.2, 0.2, 0.2, 0.03333333333333333]
[0.36666666666666664, 0.2, 0.2, 0.2, 0.03333333333333333]
[0.36666666666666664, 0.2, 0.2, 0.2, 0.03333333333333333]
[0.36666666666666664, 0.2, 0.2, 0.2, 0.03333333333333333]
[0.36666666666666664, 0.2, 0.2, 0.2, 0.03333333333333333]
[0.36666666666666664, 0.2, 0.2, 0.2, 0.03333333333333333]
[0.36666666666666664, 0.2, 0.2, 0.2, 0.03333333333333333]
[0.36666666666666664, 0.2, 0.2, 0.2, 0.03333333333333333]
[0.36666666666666664, 0.2, 0.2, 0.2, 0.03333333333333333]
[0.36666666666666664, 0.2, 0.2, 0.2, 0.03333333333333333]
[0.36666666666666664, 0.2, 0.2, 0.2, 0.03333333333333333]
[0.36666666666666664, 0.2, 0.2, 0.2, 0.03333333333333333]
[0.36666666666666664, 0.2, 0.2, 0.2, 0.03333333333333333]
[0.36666666666666664, 0.2, 0.2, 0.2, 0.03333333333333333]
[0.36666666666666664, 0.2, 0.2, 0.2, 0.03333333333333333]
[0.36666666666666664, 0.2, 0.2, 0.2, 0.03333333333333333]
[0.36666666666666664, 0.2, 0.2, 0.2, 0.03333333333333333]
[0.36666666666666664, 0.2, 0.2, 0.2, 0.03333333333333333]
[0.36666666666666664, 0.2, 0.2, 0.2, 0.03333333333333333]
[0.36666666666666664, 0.2, 0.2, 0.2, 0.03333333333333333]
[0.36666666666666664, 0.2, 0.2, 0.2, 0.03333333333333333]
[0.36666666666666664, 0.2, 0.2, 0.2, 0.03333333333333333]
[0.36666666666666664, 0.2, 0.2, 0.2, 0.03333333333333333]
[0.36666666666666664, 0.2, 0.2, 0.2, 0.03333333333333333]
[0.36666666666666664, 0.2, 0.2, 0.2, 0.03333333333333333]
[0.36666666666666664, 0.2, 0.2, 0.2, 0.03333333333333333]
[0.36666666666666664, 0.2, 0.2, 0.2, 0.03333333333333333]
[0.36666666666666664, 0.2, 0.2, 0.2, 0.03333333333333333]
[0.36666666666666664, 0.2, 0.2, 0.2, 0.03333333333333333]
[0.36666666666666664, 0.2, 0.2, 0.2, 0.03333333333333333]
[0.36666666666666664, 0.2, 0.2, 0.2, 0.03333333333333333]
[0.36666666666666664, 0.2, 0.2, 0.2, 0.03333333333333333]
[0.36666666666666664, 0.2, 0.2, 0.2, 0.03333333333333333]
[0.36666666666666664, 0.2, 0.2, 0.2, 0.03333333333333333]
[0.36666666666666664, 0.2, 0.2, 0.2, 0.03333333333333333]
[0.36666666666666664, 0.2, 0.2, 0.2, 0.03333333333333333]
[0.36666666666666664, 0.2, 0.2, 0.2, 0.03333333333333333]
[0.36666666666666664, 0.2, 0.2, 0.2, 0.03333333333333333]
[0.36666666666666664, 0.2, 0.2, 0.2, 0.03333333333333333]
[0.36666666666666664, 0.2, 0.2, 0.2, 0.03333333333333333]
[0.36666666666666664, 0.2, 0.2, 0.2, 0.03333333333333333]
[0.36666666666666664, 0.2, 0.2, 0.2, 0.03333333333333333]
[0.36666666666666664, 0.2, 0.2, 0.2, 0.03333333333333333]
[0.36666666666666664, 0.2, 0.2, 0.2, 0.03333333333333333]
[0.36666666666666664, 0.2, 0.2, 0.2, 0.03333333333333333]
