[1.0]
[1.0]
[1.0]
[1.0]
[1.0]
[1.0]
[1.0]
[1.0]
[1.0]
[1.0]
[1.0]
[0.5333333333333333, 0.4666666666666667]
[0.5333333333333333, 0.4666666666666667]
[0.5333333333333333, 0.4666666666666667]
[0.5333333333333333, 0.43333333333333335, 0.03333333333333333]
[0.5333333333333333, 0.4, 0.03333333333333333, 0.03333333333333333]
[0.5333333333333333, 0.4, 0.03333333333333333, 0.03333333333333333]
[0.5333333333333333, 0.4, 0.03333333333333333, 0.03333333333333333]
[0.5333333333333333, 0.4, 0.03333333333333333, 0.03333333333333333]
[0.5333333333333333, 0.4, 0.03333333333333333, 0.03333333333333333]
[0.5333333333333333, 0.4, 0.03333333333333333, 0.03333333333333333]
[0.5333333333333333, 0.4, 0.03333333333333333, 0.03333333333333333]
[0.5333333333333333, 0.4, 0.03333333333333333, 0.03333333333333333]
[0.5333333333333333, 0.4, 0.03333333333333333, 0.03333333333333333]
[0.5333333333333333, 0.4, 0.03333333333333333, 0.03333333333333333]
[0.5333333333333333, 0.4, 0.03333333333333333, 0.03333333333333333]
[0.5333333333333333, 0.4, 0.03333333333333333, 0.03333333333333333]
[0.5333333333333333, 0.4, 0.03333333333333333, 0.03333333333333333]
[0.5333333333333333, 0.4, 0.03333333333333333, 0.03333333333333333]
[0.5333333333333333, 0.4, 0.03333333333333333, 0.03333333333333333]
[0.5333333333333333, 0.4, 0.03333333333333333, 0.03333333333333333]
[0.5333333333333333, 0.4, 0.03333333333333333, 0.03333333333333333]
[0.4, 0.3333333333333333, 0.2, 0.03333333333333333, 0.03333333333333333]
[0.4, 0.3333333333333333, 0.2, 0.03333333333333333, 0.03333333333333333]
[0.4, 0.3333333333333333, 0.2, 0.03333333333333333, 0.03333333333333333]
[0.36666666666666664, 0.3333333333333333, 0.2, 0.03333333333333333, 0.03333333333333333, 0.03333333333333333]
[0.36666666666666664, 0.3333333333333333, 0.2, 0.03333333333333333, 0.03333333333333333, 0.03333333333333333]
[0.36666666666666664, 0.3333333333333333, 0.2, 0.03333333333333333, 0.03333333333333333, 0.03333333333333333]
[0.36666666666666664, 0.3333333333333333, 0.2, 0.03333333333333333, 0.03333333333333333, 0.03333333333333333]
[0.36666666666666664, 0.3333333333333333, 0.2, 0.03333333333333333, 0.03333333333333333, 0.03333333333333333]
[0.36666666666666664, 0.36666666666666664, 0.16666666666666666, 0.03333333333333333, 0.03333333333333333, 0.03333333333333333]
[0.36666666666666664, 0.36666666666666664, 0.16666666666666666, 0.03333333333333333, 0.03333333333333333, 0.03333333333333333]
[0.36666666666666664, 0.36666666666666664, 0.16666666666666666, 0.03333333333333333, 0.03333333333333333, 0.03333333333333333]
[0.36666666666666664, 0.36666666666666664, 0.16666666666666666, 0.03333333333333333, 0.03333333333333333, 0.03333333333333333]
[0.36666666666666664, 0.2, 0.16666666666666666, 0.16666666666666666, 0.03333333333333333, 0.03333333333333333, 0.03333333333333333]
[0.36666666666666664, 0.2, 0.16666666666666666, 0.16666666666666666, 0.03333333333333333, 0.03333333333333333, 0.03333333333333333]
[0.36666666666666664, 0.2, 0.16666666666666666, 0.16666666666666666, 0.03333333333333333, 0.03333333333333333, 0.03333333333333333]
[0.36666666666666664, 0.2, 0.16666666666666666, 0.16666666666666666, 0.03333333333333333, 0.03333333333333333, 0.03333333333333333]
[0.36666666666666664, 0.2, 0.16666666666666666, 0.16666666666666666, 0.03333333333333333, 0.03333333333333333, 0.03333333333333333]
[0.36666666666666664, 0.2, 0.16666666666666666, 0.16666666666666666, 0.03333333333333333, 0.03333333333333333, 0.03333333333333333]
[0.36666666666666664, 0.2, 0.16666666666666666, 0.16666666666666666, 0.06666666666666667, 0.03333333333333333]
[0.36666666666666664, 0.2, 0.16666666666666666, 0.16666666666666666, 0.06666666666666667, 0.03333333333333333]
[0.4, 0.2, 0.16666666666666666, 0.16666666666666666, 0.03333333333333333, 0.03333333333333333]
[0.4, 0.2, 0.16666666666666666, 0.16666666666666666, 0.03333333333333333, 0.03333333333333333]
[0.4, 0.2, 0.16666666666666666, 0.16666666666666666, 0.03333333333333333, 0.03333333333333333]
[0.36666666666666664, 0.2, 0.16666666666666666, 0.16666666666666666, 0.03333333333333333, 0.03333333333333333, 0.03333333333333333]
[0.36666666666666664, 0.2, 0.2, 0.16666666666666666, 0.03333333333333333, 0.03333333333333333]
[0.36666666666666664, 0.2, 0.2, 0.16666666666666666, 0.03333333333333333, 0.03333333333333333]
[0.36666666666666664, 0.2, 0.2, 0.16666666666666666, 0.03333333333333333, 0.03333333333333333]
[0.36666666666666664, 0.2, 0.2, 0.16666666666666666, 0.03333333333333333, 0.03333333333333333]
[0.36666666666666664, 0.2, 0.2, 0.16666666666666666, 0.03333333333333333, 0.03333333333333333]
[0.36666666666666664, 0.2, 0.2, 0.16666666666666666, 0.03333333333333333, 0.03333333333333333]
[0.36666666666666664, 0.2, 0.2, 0.16666666666666666, 0.03333333333333333, 0.03333333333333333]
[0.36666666666666664, 0.2, 0.2, 0.16666666666666666, 0.03333333333333333, 0.03333333333333333]
[0.36666666666666664, 0.2, 0.2, 0.16666666666666666, 0.03333333333333333, 0.03333333333333333]
[0.36666666666666664, 0.2, 0.2, 0.16666666666666666, 0.03333333333333333, 0.03333333333333333]
[0.36666666666666664, 0.2, 0.2, 0.16666666666666666, 0.03333333333333333, 0.03333333333333333]
[0.36666666666666664, 0.2, 0.2, 0.16666666666666666, 0.03333333333333333, 0.03333333333333333]
[0.36666666666666664, 0.2, 0.2, 0.16666666666666666, 0.03333333333333333, 0.03333333333333333]
[0.36666666666666664, 0.2, 0.2, 0.16666666666666666, 0.03333333333333333, 0.03333333333333333]
[0.36666666666666664, 0.2, 0.2, 0.16666666666666666, 0.03333333333333333, 0.03333333333333333]
[0.36666666666666664, 0.2, 0.2, 0.16666666666666666, 0.03333333333333333, 0.03333333333333333]
[0.36666666666666664, 0.2, 0.2, 0.16666666666666666, 0.03333333333333333, 0.03333333333333333]
[0.36666666666666664, 0.2, 0.2, 0.16666666666666666, 0.03333333333333333, 0.03333333333333333]
[0.36666666666666664, 0.2, 0.2, 0.16666666666666666, 0.03333333333333333, 0.03333333333333333]
[0.36666666666666664, 0.2, 0.2, 0.16666666666666666, 0.03333333333333333, 0.03333333333333333]
[0.36666666666666664, 0.2, 0.2, 0.16666666666666666, 0.03333333333333333, 0.03333333333333333]
[0.36666666666666664, 0.2, 0.2, 0.16666666666666666, 0.03333333333333333, 0.03333333333333333]
[0.36666666666666664, 0.2, 0.2, 0.16666666666666666, 0.03333333333333333, 0.03333333333333333]
[0.36666666666666664, 0.2, 0.2, 0.16666666666666666, 0.03333333333333333, 0.03333333333333333]
[0.36666666666666664, 0.2, 0.2, 0.16666666666666666, 0.03333333333333333, 0.03333333333333333]
[0.36666666666666664, 0.2, 0.2, 0.16666666666666666, 0.03333333333333333, 0.03333333333333333]
[0.36666666666666664, 0.2, 0.2, 0.16666666666666666, 0.03333333333333333, 0.03333333333333333]
[0.36666666666666664, 0.2, 0.2, 0.16666666666666666, 0.03333333333333333, 0.03333333333333333]
[0.36666666666666664, 0.2, 0.2, 0.16666666666666666, 0.03333333333333333, 0.03333333333333333]
[0.36666666666666664, 0.2, 0.2, 0.16666666666666666, 0.03333333333333333, 0.03333333333333333]
[0.36666666666666664, 0.2, 0.2, 0.16666666666666666, 0.03333333333333333, 0.03333333333333333]
[0.36666666666666664, 0.2, 0.2, 0.16666666666666666, 0.03333333333333333, 0.03333333333333333]
[0.36666666666666664, 0.2, 0.2, 0.16666666666666666, 0.03333333333333333, 0.03333333333333333]
[0.36666666666666664, 0.2, 0.2, 0.16666666666666666, 0.03333333333333333, 0.03333333333333333]
[0.36666666666666664, 0.2, 0.2, 0.16666666666666666, 0.03333333333333333, 0.03333333333333333]
[0.36666666666666664, 0.2, 0.2, 0.16666666666666666, 0.03333333333333333, 0.03333333333333333]
[0.36666666666666664, 0.2, 0.2, 0.16666666666666666, 0.03333333333333333, 0.03333333333333333]
[0.36666666666666664, 0.2, 0.2, 0.16666666666666666, 0.03333333333333333, 0.03333333333333333]
[0.36666666666666664, 0.2, 0.2, 0.16666666666666666, 0.03333333333333333, 0.03333333333333333]
[0.36666666666666664, 0.2, 0.2, 0.16666666666666666, 0.03333333333333333, 0.03333333333333333]
[0.36666666666666664, 0.2, 0.2, 0.16666666666666666, 0.03333333333333333, 0.03333333333333333]
[0.36666666666666664, 0.2, 0.2, 0.16666666666666666, 0.03333333333333333, 0.03333333333333333]
[0.36666666666666664, 0.2, 0.2, 0.16666666666666666, 0.03333333333333333, 0.03333333333333333]
[0.36666666666666664, 0.2, 0.2, 0.16666666666666666, 0.03333333333333333, 0.03333333333333333]
[0.36666666666666664, 0.2, 0.2, 0.16666666666666666, 0.03333333333333333, 0.03333333333333333]
