[1.0]
[1.0]
[1.0]
[1.0]
[1.0]
[0.988, 0.012]
[0.99, 0.01]
[0.99, 0.01]
[0.99, 0.01]
[0.99, 0.01]
[0.801, 0.189, 0.01]
[0.801, 0.189, 0.01]
[0.802, 0.189, 0.009]
[0.802, 0.189, 0.009]
[0.596, 0.341, 0.063]
[0.596, 0.341, 0.063]
[0.596, 0.341, 0.063]
[0.596, 0.341, 0.063]
[0.596, 0.341, 0.063]
[0.597, 0.341, 0.062]
[0.606, 0.332, 0.062]
[0.606, 0.332, 0.062]
[0.606, 0.332, 0.062]
[0.606, 0.332, 0.062]
[0.559, 0.332, 0.062, 0.047]
[0.559, 0.332, 0.062, 0.047]
[0.561, 0.332, 0.06, 0.047]
[0.564, 0.284, 0.092, 0.06]
[0.564, 0.284, 0.092, 0.06]
[0.564, 0.284, 0.092, 0.06]
[0.564, 0.284, 0.092, 0.06]
[0.567, 0.298, 0.075, 0.06]
[0.567, 0.298, 0.075, 0.06]
[0.567, 0.316, 0.06, 0.057]
[0.567, 0.316, 0.06, 0.057]
[0.567, 0.316, 0.06, 0.057]
[0.567, 0.316, 0.06, 0.057]
[0.568, 0.328, 0.06, 0.044]
[0.568, 0.328, 0.06, 0.044]
[0.569, 0.34, 0.06, 0.031]
[0.569, 0.34, 0.06, 0.031]
[0.569, 0.34, 0.06, 0.031]
[0.569, 0.34, 0.06, 0.031]
[0.569, 0.34, 0.06, 0.031]
[0.569, 0.34, 0.06, 0.031]
[0.531, 0.34, 0.06, 0.038, 0.031]
[0.531, 0.34, 0.06, 0.038, 0.031]
[0.531, 0.34, 0.06, 0.038, 0.031]
[0.531, 0.34, 0.06, 0.038, 0.031]
[0.473, 0.34, 0.06, 0.058, 0.038, 0.031]
[0.473, 0.34, 0.06, 0.058, 0.038, 0.031]
[0.474, 0.252, 0.1, 0.06, 0.06, 0.054]
[0.474, 0.252, 0.1, 0.06, 0.06, 0.054]
[0.476, 0.273, 0.073, 0.06, 0.06, 0.058]
[0.476, 0.273, 0.073, 0.06, 0.06, 0.058]
[0.476, 0.273, 0.073, 0.06, 0.06, 0.058]
[0.476, 0.192, 0.106, 0.092, 0.074, 0.06]
[0.476, 0.192, 0.106, 0.092, 0.074, 0.06]
[0.476, 0.205, 0.11, 0.095, 0.06, 0.054]
[0.476, 0.205, 0.11, 0.095, 0.06, 0.054]
[0.476, 0.205, 0.11, 0.095, 0.06, 0.054]
[0.476, 0.205, 0.11, 0.095, 0.06, 0.054]
[0.476, 0.14, 0.136, 0.115, 0.073, 0.06]
[0.389, 0.188, 0.151, 0.118, 0.081, 0.073]
[0.339, 0.213, 0.16, 0.118, 0.097, 0.073]
[0.339, 0.213, 0.16, 0.118, 0.097, 0.073]
[0.339, 0.221, 0.178, 0.119, 0.097, 0.046]
[0.339, 0.221, 0.178, 0.119, 0.097, 0.046]
[0.315, 0.235, 0.181, 0.12, 0.102, 0.046, 0.001]
[0.315, 0.235, 0.181, 0.12, 0.102, 0.046, 0.001]
[0.315, 0.206, 0.201, 0.12, 0.102, 0.055, 0.001]
[0.315, 0.219, 0.207, 0.121, 0.102, 0.035, 0.001]
[0.312, 0.219, 0.207, 0.121, 0.102, 0.035, 0.003, 0.001]
[0.312, 0.219, 0.207, 0.121, 0.102, 0.035, 0.003, 0.001]
[0.312, 0.219, 0.207, 0.121, 0.102, 0.035, 0.003, 0.001]
[0.311, 0.219, 0.207, 0.121, 0.102, 0.035, 0.003, 0.001, 0.001]
[0.306, 0.219, 0.207, 0.121, 0.102, 0.035, 0.005, 0.003, 0.001, 0.001]
[0.304, 0.219, 0.207, 0.121, 0.102, 0.035, 0.005, 0.003, 0.002, 0.001, 0.001]
[0.304, 0.219, 0.207, 0.121, 0.102, 0.035, 0.005, 0.003, 0.002, 0.001, 0.001]
[0.304, 0.219, 0.207, 0.121, 0.102, 0.035, 0.005, 0.003, 0.002, 0.001, 0.001]
[0.303, 0.219, 0.207, 0.121, 0.102, 0.035, 0.005, 0.003, 0.002, 0.001, 0.001, 0.001]
[0.303, 0.219, 0.207, 0.121, 0.102, 0.035, 0.005, 0.003, 0.002, 0.001, 0.001, 0.001]
[0.303, 0.22, 0.207, 0.121, 0.102, 0.035, 0.005, 0.003, 0.002, 0.001, 0.001]
[0.303, 0.22, 0.207, 0.121, 0.102, 0.035, 0.005, 0.003, 0.002, 0.001, 0.001]
[0.303, 0.22, 0.207, 0.121, 0.102, 0.035, 0.005, 0.003, 0.002, 0.001, 0.001]
[0.303, 0.22, 0.207, 0.121, 0.102, 0.035, 0.005, 0.003, 0.002, 0.001, 0.001]
[0.303, 0.222, 0.207, 0.121, 0.102, 0.035, 0.005, 0.002, 0.001, 0.001, 0.001]
[0.303, 0.223, 0.209, 0.121, 0.102, 0.035, 0.002, 0.002, 0.001, 0.001, 0.001]
[0.303, 0.223, 0.209, 0.121, 0.102, 0.035, 0.003, 0.002, 0.001, 0.001]
[0.303, 0.223, 0.209, 0.121, 0.102, 0.035, 0.003, 0.002, 0.001, 0.001]
[0.302, 0.223, 0.209, 0.121, 0.102, 0.035, 0.003, 0.002, 0.001, 0.001, 0.001]
[0.302, 0.223, 0.21, 0.121, 0.102, 0.035, 0.003, 0.001, 0.001, 0.001, 0.001]
[0.299, 0.223, 0.21, 0.121, 0.102, 0.035, 0.003, 0.003, 0.001, 0.001, 0.001, 0.001]
[0.299, 0.223, 0.21, 0.121, 0.102, 0.035, 0.003, 0.003, 0.001, 0.001, 0.001, 0.001]
[0.299, 0.223, 0.21, 0.121, 0.102, 0.035, 0.003, 0.003, 0.001, 0.001, 0.001, 0.001]
[0.299, 0.223, 0.21, 0.121, 0.102, 0.035, 0.003, 0.003, 0.001, 0.001, 0.001, 0.001]
[0.299, 0.223, 0.211, 0.121, 0.102, 0.035, 0.003, 0.003, 0.001, 0.001, 0.001]
[0.299, 0.223, 0.211, 0.121, 0.102, 0.035, 0.003, 0.003, 0.001, 0.001, 0.001]
[0.3, 0.223, 0.211, 0.121, 0.101, 0.035, 0.003, 0.003, 0.001, 0.001, 0.001]
[0.3, 0.223, 0.211, 0.121, 0.101, 0.035, 0.003, 0.003, 0.001, 0.001, 0.001]
[0.299, 0.223, 0.211, 0.121, 0.101, 0.035, 0.003, 0.003, 0.001, 0.001, 0.001, 0.001]
