[1.0]
[0.9666666666666667, 0.03333333333333333]
[0.9333333333333333, 0.06666666666666667]
[0.7666666666666667, 0.2, 0.03333333333333333]
[0.6333333333333333, 0.2, 0.16666666666666666]
[0.5666666666666667, 0.2, 0.2, 0.03333333333333333]
[0.5666666666666667, 0.2, 0.2, 0.03333333333333333]
[0.5666666666666667, 0.2, 0.16666666666666666, 0.03333333333333333, 0.03333333333333333]
[0.5666666666666667, 0.16666666666666666, 0.16666666666666666, 0.03333333333333333, 0.03333333333333333, 0.03333333333333333]
[0.5666666666666667, 0.2, 0.16666666666666666, 0.03333333333333333, 0.03333333333333333]
[0.5666666666666667, 0.2, 0.16666666666666666, 0.03333333333333333, 0.03333333333333333]
[0.6, 0.2, 0.16666666666666666, 0.03333333333333333]
[0.6, 0.2, 0.16666666666666666, 0.03333333333333333]
[0.6, 0.2, 0.2]
[0.6, 0.2, 0.2]
[0.6, 0.2, 0.16666666666666666, 0.03333333333333333]
[0.5666666666666667, 0.2, 0.16666666666666666, 0.03333333333333333, 0.03333333333333333]
[0.5666666666666667, 0.2, 0.16666666666666666, 0.03333333333333333, 0.03333333333333333]
[0.5666666666666667, 0.2, 0.16666666666666666, 0.03333333333333333, 0.03333333333333333]
[0.5333333333333333, 0.16666666666666666, 0.16666666666666666, 0.06666666666666667, 0.03333333333333333, 0.03333333333333333]
[0.5333333333333333, 0.16666666666666666, 0.16666666666666666, 0.06666666666666667, 0.03333333333333333, 0.03333333333333333]
[0.5666666666666667, 0.2, 0.16666666666666666, 0.03333333333333333, 0.03333333333333333]
[0.5666666666666667, 0.2, 0.16666666666666666, 0.03333333333333333, 0.03333333333333333]
[0.5666666666666667, 0.16666666666666666, 0.16666666666666666, 0.03333333333333333, 0.03333333333333333, 0.03333333333333333]
[0.5333333333333333, 0.16666666666666666, 0.16666666666666666, 0.06666666666666667, 0.03333333333333333, 0.03333333333333333]
[0.5666666666666667, 0.2, 0.16666666666666666, 0.03333333333333333, 0.03333333333333333]
[0.6, 0.2, 0.2]
[0.6, 0.2, 0.2]
[0.5333333333333333, 0.2, 0.2, 0.06666666666666667]
[0.5333333333333333, 0.2, 0.16666666666666666, 0.06666666666666667, 0.03333333333333333]
[0.5333333333333333, 0.2, 0.16666666666666666, 0.06666666666666667, 0.03333333333333333]
[0.5333333333333333, 0.2, 0.16666666666666666, 0.06666666666666667, 0.03333333333333333]
[0.5333333333333333, 0.2, 0.2, 0.06666666666666667]
[0.5666666666666667, 0.2, 0.2, 0.03333333333333333]
[0.5666666666666667, 0.2, 0.2, 0.03333333333333333]
[0.5666666666666667, 0.2, 0.2, 0.03333333333333333]
[0.5666666666666667, 0.2, 0.16666666666666666, 0.03333333333333333, 0.03333333333333333]
[0.5666666666666667, 0.2, 0.2, 0.03333333333333333]
[0.5666666666666667, 0.2, 0.2, 0.03333333333333333]
[0.5666666666666667, 0.2, 0.16666666666666666, 0.03333333333333333, 0.03333333333333333]
[0.5666666666666667, 0.2, 0.16666666666666666, 0.03333333333333333, 0.03333333333333333]
[0.6, 0.2, 0.2]
[0.6, 0.2, 0.2]
[0.6, 0.2, 0.2]
[0.5666666666666667, 0.2, 0.2, 0.03333333333333333]
[0.5666666666666667, 0.2, 0.2, 0.03333333333333333]
[0.5666666666666667, 0.2, 0.2, 0.03333333333333333]
[0.5333333333333333, 0.2, 0.2, 0.06666666666666667]
[0.5666666666666667, 0.2, 0.2, 0.03333333333333333]
[0.5333333333333333, 0.2, 0.2, 0.06666666666666667]
[0.5333333333333333, 0.2, 0.16666666666666666, 0.06666666666666667, 0.03333333333333333]
[0.5666666666666667, 0.2, 0.2, 0.03333333333333333]
[0.5666666666666667, 0.2, 0.16666666666666666, 0.03333333333333333, 0.03333333333333333]
[0.5666666666666667, 0.2, 0.16666666666666666, 0.03333333333333333, 0.03333333333333333]
[0.5666666666666667, 0.2, 0.16666666666666666, 0.03333333333333333, 0.03333333333333333]
[0.5666666666666667, 0.2, 0.16666666666666666, 0.03333333333333333, 0.03333333333333333]
[0.5666666666666667, 0.2, 0.2, 0.03333333333333333]
[0.5666666666666667, 0.2, 0.16666666666666666, 0.03333333333333333, 0.03333333333333333]
[0.5666666666666667, 0.2, 0.16666666666666666, 0.03333333333333333, 0.03333333333333333]
[0.5666666666666667, 0.2, 0.16666666666666666, 0.03333333333333333, 0.03333333333333333]
[0.5666666666666667, 0.2, 0.16666666666666666, 0.03333333333333333, 0.03333333333333333]
[0.5666666666666667, 0.2, 0.16666666666666666, 0.03333333333333333, 0.03333333333333333]
[0.5666666666666667, 0.2, 0.16666666666666666, 0.03333333333333333, 0.03333333333333333]
[0.5666666666666667, 0.2, 0.16666666666666666, 0.03333333333333333, 0.03333333333333333]
[0.5666666666666667, 0.16666666666666666, 0.16666666666666666, 0.03333333333333333, 0.03333333333333333, 0.03333333333333333]
[0.6, 0.16666666666666666, 0.16666666666666666, 0.03333333333333333, 0.03333333333333333]
[0.6, 0.16666666666666666, 0.16666666666666666, 0.03333333333333333, 0.03333333333333333]
[0.5666666666666667, 0.16666666666666666, 0.16666666666666666, 0.03333333333333333, 0.03333333333333333, 0.03333333333333333]
[0.5666666666666667, 0.2, 0.16666666666666666, 0.03333333333333333, 0.03333333333333333]
[0.5666666666666667, 0.2, 0.16666666666666666, 0.03333333333333333, 0.03333333333333333]
[0.5666666666666667, 0.2, 0.16666666666666666, 0.03333333333333333, 0.03333333333333333]
[0.5666666666666667, 0.2, 0.16666666666666666, 0.03333333333333333, 0.03333333333333333]
[0.5666666666666667, 0.2, 0.16666666666666666, 0.03333333333333333, 0.03333333333333333]
[0.5333333333333333, 0.2, 0.16666666666666666, 0.06666666666666667, 0.03333333333333333]
[0.5666666666666667, 0.2, 0.16666666666666666, 0.03333333333333333, 0.03333333333333333]
[0.5666666666666667, 0.16666666666666666, 0.16666666666666666, 0.03333333333333333, 0.03333333333333333, 0.03333333333333333]
[0.5333333333333333, 0.16666666666666666, 0.16666666666666666, 0.03333333333333333, 0.03333333333333333, 0.03333333333333333, 0.03333333333333333]
[0.5666666666666667, 0.16666666666666666, 0.16666666666666666, 0.03333333333333333, 0.03333333333333333, 0.03333333333333333]
[0.5666666666666667, 0.2, 0.16666666666666666, 0.03333333333333333, 0.03333333333333333]
[0.5666666666666667, 0.2, 0.16666666666666666, 0.03333333333333333, 0.03333333333333333]
[0.6, 0.16666666666666666, 0.16666666666666666, 0.03333333333333333, 0.03333333333333333]
[0.6, 0.2, 0.16666666666666666, 0.03333333333333333]
[0.5666666666666667, 0.2, 0.16666666666666666, 0.03333333333333333, 0.03333333333333333]
[0.6, 0.2, 0.13333333333333333, 0.06666666666666667]
[0.6, 0.2, 0.13333333333333333, 0.06666666666666667]
[0.5333333333333333, 0.2, 0.13333333333333333, 0.03333333333333333, 0.03333333333333333, 0.03333333333333333, 0.03333333333333333]
[0.5333333333333333, 0.2, 0.13333333333333333, 0.06666666666666667, 0.06666666666666667]
[0.5333333333333333, 0.2, 0.13333333333333333, 0.06666666666666667, 0.06666666666666667]
[0.5666666666666667, 0.2, 0.16666666666666666, 0.03333333333333333, 0.03333333333333333]
[0.5666666666666667, 0.2, 0.16666666666666666, 0.03333333333333333, 0.03333333333333333]
[0.5666666666666667, 0.2, 0.2, 0.03333333333333333]
[0.5666666666666667, 0.2, 0.2, 0.03333333333333333]
[0.6, 0.2, 0.2]
[0.5333333333333333, 0.2, 0.2, 0.06666666666666667]
[0.5333333333333333, 0.2, 0.2, 0.06666666666666667]
[0.5333333333333333, 0.2, 0.2, 0.06666666666666667]
[0.5333333333333333, 0.2, 0.2, 0.06666666666666667]
[0.5333333333333333, 0.2, 0.16666666666666666, 0.06666666666666667, 0.03333333333333333]
[0.5333333333333333, 0.16666666666666666, 0.16666666666666666, 0.06666666666666667, 0.03333333333333333, 0.03333333333333333]
[0.5333333333333333, 0.16666666666666666, 0.16666666666666666, 0.06666666666666667, 0.03333333333333333, 0.03333333333333333]
[0.5333333333333333, 0.16666666666666666, 0.16666666666666666, 0.06666666666666667, 0.03333333333333333, 0.03333333333333333]
