[1.0]
[0.81, 0.19]
[0.81, 0.19]
[0.81, 0.19]
[0.81, 0.19]
[0.8, 0.2]
[0.8, 0.2]
[0.8, 0.2]
[0.8, 0.2]
[0.8, 0.2]
[0.8, 0.2]
[0.8, 0.2]
[1.0]
[1.0]
[1.0]
[1.0]
[1.0]
[1.0]
[1.0]
[1.0]
[0.88, 0.12]
[0.88, 0.12]
[0.88, 0.12]
[0.72, 0.28]
[0.72, 0.28]
[0.72, 0.28]
[0.72, 0.28]
[0.72, 0.28]
[0.72, 0.28]
[0.72, 0.28]
[0.53, 0.28, 0.19]
[0.32, 0.28, 0.21, 0.19]
[0.32, 0.28, 0.21, 0.19]
[0.32, 0.28, 0.21, 0.19]
[0.32, 0.28, 0.21, 0.19]
[0.37, 0.23, 0.21, 0.19]
[0.4, 0.23, 0.19, 0.18]
[0.23, 0.21, 0.19, 0.19, 0.18]
[0.23, 0.21, 0.19, 0.18, 0.18, 0.01]
[0.23, 0.19, 0.19, 0.19, 0.19, 0.01]
[0.24, 0.19, 0.19, 0.19, 0.18, 0.01]
[0.29, 0.19, 0.19, 0.19, 0.13, 0.01]
[0.28, 0.19, 0.19, 0.19, 0.13, 0.01, 0.01]
[0.28, 0.19, 0.19, 0.19, 0.13, 0.01, 0.01]
[0.28, 0.19, 0.19, 0.19, 0.13, 0.01, 0.01]
[0.27, 0.19, 0.19, 0.19, 0.13, 0.01, 0.01, 0.01]
[0.27, 0.19, 0.19, 0.19, 0.13, 0.01, 0.01, 0.01]
[0.27, 0.19, 0.19, 0.19, 0.13, 0.01, 0.01, 0.01]
[0.3, 0.19, 0.19, 0.19, 0.1, 0.01, 0.01, 0.01]
[0.3, 0.19, 0.19, 0.19, 0.1, 0.01, 0.01, 0.01]
[0.3, 0.19, 0.19, 0.19, 0.1, 0.01, 0.01, 0.01]
[0.3, 0.2, 0.19, 0.18, 0.1, 0.01, 0.01, 0.01]
[0.3, 0.2, 0.19, 0.18, 0.1, 0.01, 0.01, 0.01]
[0.3, 0.21, 0.19, 0.18, 0.1, 0.01, 0.01]
[0.3, 0.21, 0.19, 0.18, 0.1, 0.01, 0.01]
[0.3, 0.2, 0.19, 0.19, 0.1, 0.01, 0.01]
[0.3, 0.2, 0.19, 0.19, 0.1, 0.01, 0.01]
[0.3, 0.2, 0.19, 0.19, 0.1, 0.01, 0.01]
[0.3, 0.2, 0.19, 0.19, 0.1, 0.01, 0.01]
[0.3, 0.2, 0.19, 0.19, 0.1, 0.01, 0.01]
[0.31, 0.2, 0.19, 0.19, 0.09, 0.01, 0.01]
[0.29, 0.2, 0.19, 0.19, 0.1, 0.01, 0.01, 0.01]
[0.3, 0.2, 0.19, 0.19, 0.1, 0.01, 0.01]
[0.3, 0.2, 0.19, 0.19, 0.1, 0.01, 0.01]
[0.3, 0.21, 0.19, 0.19, 0.1, 0.01]
[0.3, 0.22, 0.19, 0.18, 0.1, 0.01]
[0.3, 0.22, 0.19, 0.18, 0.1, 0.01]
[0.3, 0.22, 0.19, 0.18, 0.1, 0.01]
[0.3, 0.22, 0.19, 0.18, 0.1, 0.01]
[0.3, 0.22, 0.19, 0.18, 0.1, 0.01]
[0.3, 0.22, 0.19, 0.18, 0.1, 0.01]
[0.3, 0.22, 0.19, 0.18, 0.1, 0.01]
[0.3, 0.22, 0.19, 0.18, 0.1, 0.01]
[0.3, 0.22, 0.19, 0.18, 0.1, 0.01]
[0.3, 0.22, 0.19, 0.18, 0.1, 0.01]
[0.3, 0.22, 0.19, 0.18, 0.1, 0.01]
[0.32, 0.22, 0.19, 0.18, 0.08, 0.01]
[0.32, 0.22, 0.19, 0.18, 0.08, 0.01]
[0.31, 0.22, 0.19, 0.18, 0.08, 0.01, 0.01]
[0.31, 0.22, 0.19, 0.18, 0.08, 0.01, 0.01]
[0.31, 0.22, 0.19, 0.18, 0.08, 0.01, 0.01]
[0.31, 0.23, 0.19, 0.17, 0.08, 0.01, 0.01]
[0.31, 0.23, 0.19, 0.17, 0.08, 0.01, 0.01]
[0.31, 0.23, 0.19, 0.17, 0.08, 0.01, 0.01]
[0.23, 0.19, 0.18, 0.17, 0.13, 0.08, 0.01, 0.01]
[0.23, 0.19, 0.18, 0.17, 0.13, 0.08, 0.01, 0.01]
[0.23, 0.19, 0.18, 0.17, 0.13, 0.08, 0.01, 0.01]
[0.23, 0.19, 0.18, 0.17, 0.13, 0.08, 0.01, 0.01]
[0.23, 0.19, 0.18, 0.17, 0.13, 0.08, 0.01, 0.01]
[0.23, 0.19, 0.18, 0.17, 0.13, 0.08, 0.01, 0.01]
[0.23, 0.19, 0.18, 0.17, 0.13, 0.08, 0.01, 0.01]
[0.23, 0.19, 0.18, 0.17, 0.13, 0.08, 0.01, 0.01]
[0.23, 0.19, 0.18, 0.17, 0.13, 0.08, 0.01, 0.01]
[0.23, 0.19, 0.18, 0.17, 0.13, 0.08, 0.01, 0.01]
[0.23, 0.19, 0.18, 0.17, 0.13, 0.08, 0.01, 0.01]
[0.23, 0.19, 0.18, 0.17, 0.13, 0.08, 0.01, 0.01]
[0.23, 0.19, 0.18, 0.17, 0.13, 0.08, 0.01, 0.01]
[0.21, 0.19, 0.18, 0.18, 0.13, 0.08, 0.01, 0.01, 0.01]
[0.2, 0.19, 0.19, 0.18, 0.13, 0.08, 0.01, 0.01, 0.01]
[0.21, 0.19, 0.19, 0.18, 0.13, 0.08, 0.01, 0.01]
[0.21, 0.19, 0.19, 0.18, 0.13, 0.08, 0.01, 0.01]
[0.21, 0.19, 0.19, 0.18, 0.13, 0.08, 0.01, 0.01]
[0.21, 0.19, 0.19, 0.18, 0.13, 0.08, 0.01, 0.01]
[0.21, 0.19, 0.19, 0.18, 0.13, 0.08, 0.01, 0.01]
[0.21, 0.19, 0.19, 0.18, 0.13, 0.08, 0.01, 0.01]
[0.21, 0.19, 0.19, 0.18, 0.13, 0.08, 0.01, 0.01]
[0.21, 0.19, 0.19, 0.17, 0.13, 0.09, 0.01, 0.01]
[0.21, 0.19, 0.19, 0.17, 0.13, 0.09, 0.01, 0.01]
[0.21, 0.19, 0.19, 0.17, 0.13, 0.09, 0.01, 0.01]
[0.21, 0.19, 0.19, 0.17, 0.13, 0.09, 0.01, 0.01]
[0.21, 0.19, 0.19, 0.17, 0.13, 0.09, 0.01, 0.01]
[0.21, 0.19, 0.19, 0.17, 0.13, 0.09, 0.01, 0.01]
[0.21, 0.19, 0.19, 0.17, 0.13, 0.09, 0.01, 0.01]
[1.0]
[1.0]
[0.77, 0.23]
[0.77, 0.23]
[0.79, 0.21]
[0.78, 0.22]
[0.78, 0.22]
[0.8, 0.2]
[0.82, 0.18]
[0.82, 0.18]
[0.82, 0.18]
[0.82, 0.18]
[0.82, 0.18]
[0.82, 0.18]
[0.81, 0.19]
[0.81, 0.19]
[0.81, 0.19]
[0.79, 0.21]
[0.76, 0.24]
[0.76, 0.24]
[0.76, 0.24]
[0.76, 0.24]
[0.76, 0.24]
[0.76, 0.24]
[0.76, 0.24]
[0.41, 0.35, 0.24]
[0.41, 0.35, 0.24]
[0.41, 0.35, 0.24]
[0.41, 0.34, 0.25]
[0.4, 0.34, 0.26]
[0.4, 0.34, 0.26]
[0.4, 0.34, 0.26]
[0.34, 0.26, 0.21, 0.19]
[0.34, 0.26, 0.21, 0.19]
[0.34, 0.26, 0.21, 0.19]
[0.34, 0.26, 0.21, 0.16, 0.01, 0.01, 0.01]
[0.34, 0.26, 0.21, 0.16, 0.01, 0.01, 0.01]
[0.34, 0.26, 0.21, 0.16, 0.01, 0.01, 0.01]
[0.34, 0.26, 0.21, 0.16, 0.01, 0.01, 0.01]
[0.34, 0.26, 0.21, 0.16, 0.01, 0.01, 0.01]
[0.34, 0.26, 0.21, 0.16, 0.01, 0.01, 0.01]
[0.34, 0.26, 0.21, 0.16, 0.01, 0.01, 0.01]
[0.34, 0.26, 0.21, 0.16, 0.01, 0.01, 0.01]
[0.34, 0.26, 0.21, 0.16, 0.01, 0.01, 0.01]
[0.34, 0.26, 0.21, 0.16, 0.01, 0.01, 0.01]
[0.34, 0.26, 0.21, 0.16, 0.01, 0.01, 0.01]
[0.34, 0.26, 0.21, 0.16, 0.01, 0.01, 0.01]
[0.34, 0.26, 0.21, 0.16, 0.01, 0.01, 0.01]
[0.34, 0.26, 0.21, 0.16, 0.01, 0.01, 0.01]
[0.34, 0.26, 0.21, 0.16, 0.01, 0.01, 0.01]
[0.34, 0.26, 0.21, 0.16, 0.01, 0.01, 0.01]
[0.34, 0.26, 0.21, 0.16, 0.01, 0.01, 0.01]
[0.34, 0.26, 0.21, 0.16, 0.01, 0.01, 0.01]
[0.34, 0.26, 0.21, 0.16, 0.01, 0.01, 0.01]
[0.34, 0.26, 0.21, 0.16, 0.01, 0.01, 0.01]
[0.34, 0.26, 0.21, 0.16, 0.01, 0.01, 0.01]
[0.34, 0.26, 0.21, 0.16, 0.01, 0.01, 0.01]
[0.34, 0.26, 0.21, 0.16, 0.01, 0.01, 0.01]
[0.34, 0.26, 0.21, 0.16, 0.01, 0.01, 0.01]
[0.34, 0.26, 0.21, 0.16, 0.01, 0.01, 0.01]
[0.34, 0.26, 0.21, 0.16, 0.01, 0.01, 0.01]
[0.34, 0.26, 0.21, 0.16, 0.01, 0.01, 0.01]
[0.34, 0.26, 0.21, 0.16, 0.01, 0.01, 0.01]
[0.34, 0.26, 0.21, 0.16, 0.01, 0.01, 0.01]
[0.31, 0.29, 0.21, 0.16, 0.01, 0.01, 0.01]
[0.31, 0.29, 0.21, 0.16, 0.01, 0.01, 0.01]
[0.31, 0.29, 0.21, 0.16, 0.01, 0.01, 0.01]
[0.31, 0.29, 0.21, 0.16, 0.01, 0.01, 0.01]
[0.31, 0.29, 0.21, 0.16, 0.01, 0.01, 0.01]
[0.31, 0.29, 0.21, 0.16, 0.01, 0.01, 0.01]
[0.31, 0.29, 0.21, 0.16, 0.01, 0.01, 0.01]
[0.31, 0.29, 0.21, 0.16, 0.01, 0.01, 0.01]
[0.31, 0.29, 0.21, 0.16, 0.01, 0.01, 0.01]
[0.31, 0.29, 0.21, 0.17, 0.01, 0.01]
[0.31, 0.29, 0.21, 0.17, 0.01, 0.01]
[0.31, 0.29, 0.21, 0.17, 0.01, 0.01]
[0.31, 0.29, 0.21, 0.17, 0.01, 0.01]
[0.3, 0.3, 0.21, 0.17, 0.01, 0.01]
[0.3, 0.3, 0.21, 0.17, 0.01, 0.01]
[0.3, 0.3, 0.21, 0.17, 0.01, 0.01]
[0.3, 0.3, 0.21, 0.17, 0.01, 0.01]
[0.3, 0.3, 0.21, 0.17, 0.01, 0.01]
[0.3, 0.3, 0.21, 0.17, 0.01, 0.01]
[0.3, 0.3, 0.21, 0.17, 0.01, 0.01]
[0.3, 0.3, 0.21, 0.17, 0.01, 0.01]
[0.3, 0.3, 0.21, 0.17, 0.01, 0.01]
[0.35, 0.25, 0.21, 0.17, 0.01, 0.01]
[0.35, 0.25, 0.21, 0.17, 0.01, 0.01]
[0.35, 0.25, 0.21, 0.17, 0.01, 0.01]
[0.35, 0.25, 0.21, 0.17, 0.01, 0.01]
[0.35, 0.25, 0.21, 0.17, 0.01, 0.01]
[0.35, 0.25, 0.21, 0.16, 0.01, 0.01, 0.01]
[0.35, 0.25, 0.21, 0.16, 0.01, 0.01, 0.01]
[0.35, 0.25, 0.21, 0.16, 0.01, 0.01, 0.01]
[0.35, 0.25, 0.21, 0.16, 0.01, 0.01, 0.01]
[0.35, 0.25, 0.21, 0.16, 0.01, 0.01, 0.01]
[0.35, 0.25, 0.21, 0.16, 0.01, 0.01, 0.01]
[0.35, 0.25, 0.21, 0.16, 0.01, 0.01, 0.01]
[0.35, 0.25, 0.21, 0.16, 0.01, 0.01, 0.01]
[0.35, 0.25, 0.21, 0.16, 0.01, 0.01, 0.01]
[0.36, 0.24, 0.21, 0.16, 0.01, 0.01, 0.01]
[1.0]
[1.0]
[1.0]
[1.0]
[1.0]
[1.0]
[1.0]
[0.96, 0.04]
[0.91, 0.08, 0.01]
[0.91, 0.08, 0.01]
[0.91, 0.08, 0.01]
[0.91, 0.08, 0.01]
[1.0]
[1.0]
[1.0]
[1.0]
[0.95, 0.05]
[0.8, 0.15, 0.05]
[0.8, 0.15, 0.05]
[0.73, 0.15, 0.07, 0.05]
[0.73, 0.15, 0.07, 0.05]
[0.73, 0.15, 0.07, 0.05]
[0.73, 0.15, 0.07, 0.05]
[0.73, 0.15, 0.07, 0.05]
[0.73, 0.15, 0.07, 0.05]
[0.73, 0.15, 0.07, 0.05]
[0.73, 0.15, 0.07, 0.05]
[0.61, 0.17, 0.12, 0.1]
[0.61, 0.17, 0.12, 0.1]
[0.53, 0.19, 0.15, 0.12, 0.01]
[0.53, 0.19, 0.15, 0.12, 0.01]
[0.55, 0.19, 0.15, 0.1, 0.01]
[0.55, 0.19, 0.15, 0.1, 0.01]
[0.55, 0.19, 0.15, 0.1, 0.01]
[0.55, 0.19, 0.15, 0.1, 0.01]
[0.55, 0.19, 0.15, 0.1, 0.01]
[0.55, 0.19, 0.15, 0.1, 0.01]
[0.55, 0.19, 0.15, 0.1, 0.01]
[0.55, 0.19, 0.15, 0.1, 0.01]
[0.55, 0.19, 0.15, 0.1, 0.01]
[0.55, 0.19, 0.15, 0.1, 0.01]
[0.55, 0.19, 0.15, 0.1, 0.01]
[0.55, 0.19, 0.15, 0.1, 0.01]
[0.55, 0.19, 0.15, 0.1, 0.01]
[0.55, 0.19, 0.15, 0.1, 0.01]
[0.55, 0.19, 0.15, 0.1, 0.01]
[0.55, 0.19, 0.15, 0.1, 0.01]
[0.49, 0.19, 0.17, 0.14, 0.01]
[0.49, 0.19, 0.17, 0.14, 0.01]
[0.49, 0.19, 0.17, 0.14, 0.01]
[0.49, 0.19, 0.17, 0.14, 0.01]
[0.49, 0.19, 0.17, 0.14, 0.01]
[0.5, 0.19, 0.17, 0.13, 0.01]
[0.5, 0.19, 0.17, 0.13, 0.01]
[0.46, 0.2, 0.18, 0.15, 0.01]
[0.46, 0.2, 0.18, 0.15, 0.01]
[0.46, 0.2, 0.18, 0.15, 0.01]
[0.46, 0.2, 0.18, 0.15, 0.01]
[0.46, 0.21, 0.17, 0.15, 0.01]
[0.46, 0.21, 0.17, 0.15, 0.01]
[0.46, 0.21, 0.17, 0.15, 0.01]
[0.47, 0.21, 0.17, 0.14, 0.01]
[0.47, 0.21, 0.17, 0.14, 0.01]
[0.47, 0.2, 0.17, 0.14, 0.01, 0.01]
[0.47, 0.2, 0.17, 0.14, 0.01, 0.01]
[0.47, 0.2, 0.17, 0.14, 0.01, 0.01]
[0.47, 0.2, 0.17, 0.14, 0.01, 0.01]
[0.47, 0.2, 0.17, 0.14, 0.01, 0.01]
[0.49, 0.2, 0.17, 0.12, 0.01, 0.01]
[0.49, 0.2, 0.17, 0.12, 0.01, 0.01]
[0.49, 0.2, 0.17, 0.12, 0.01, 0.01]
[0.49, 0.2, 0.17, 0.12, 0.01, 0.01]
[0.49, 0.2, 0.17, 0.12, 0.01, 0.01]
[0.49, 0.2, 0.17, 0.12, 0.01, 0.01]
[0.49, 0.2, 0.17, 0.12, 0.01, 0.01]
[0.49, 0.2, 0.17, 0.12, 0.01, 0.01]
[0.49, 0.2, 0.17, 0.12, 0.01, 0.01]
[0.49, 0.2, 0.17, 0.12, 0.01, 0.01]
[0.49, 0.2, 0.17, 0.12, 0.01, 0.01]
[0.49, 0.2, 0.17, 0.12, 0.01, 0.01]
[0.49, 0.2, 0.17, 0.12, 0.01, 0.01]
[0.49, 0.2, 0.17, 0.12, 0.01, 0.01]
[0.45, 0.2, 0.17, 0.16, 0.01, 0.01]
[0.45, 0.2, 0.17, 0.16, 0.01, 0.01]
[0.45, 0.2, 0.17, 0.16, 0.01, 0.01]
[0.45, 0.2, 0.17, 0.16, 0.01, 0.01]
[0.45, 0.2, 0.17, 0.16, 0.01, 0.01]
[0.42, 0.2, 0.18, 0.18, 0.01, 0.01]
[0.42, 0.2, 0.18, 0.18, 0.01, 0.01]
[0.42, 0.2, 0.18, 0.18, 0.01, 0.01]
[0.42, 0.2, 0.18, 0.18, 0.01, 0.01]
[0.42, 0.2, 0.18, 0.18, 0.01, 0.01]
[0.42, 0.2, 0.18, 0.18, 0.01, 0.01]
[0.42, 0.2, 0.18, 0.18, 0.01, 0.01]
[0.42, 0.2, 0.18, 0.18, 0.01, 0.01]
[0.42, 0.2, 0.18, 0.18, 0.01, 0.01]
[0.42, 0.2, 0.18, 0.18, 0.01, 0.01]
[0.42, 0.2, 0.18, 0.18, 0.01, 0.01]
[0.42, 0.2, 0.19, 0.18, 0.01]
[0.42, 0.2, 0.19, 0.18, 0.01]
[0.42, 0.2, 0.19, 0.18, 0.01]
[0.43, 0.2, 0.19, 0.17, 0.01]
[0.42, 0.2, 0.19, 0.18, 0.01]
[0.42, 0.2, 0.19, 0.18, 0.01]
[0.42, 0.2, 0.19, 0.18, 0.01]
[0.42, 0.2, 0.19, 0.18, 0.01]
[0.42, 0.2, 0.19, 0.18, 0.01]
[0.42, 0.2, 0.19, 0.18, 0.01]
[0.42, 0.2, 0.19, 0.18, 0.01]
[0.42, 0.2, 0.19, 0.18, 0.01]
[0.42, 0.2, 0.19, 0.18, 0.01]
[0.42, 0.21, 0.18, 0.18, 0.01]
[0.42, 0.21, 0.18, 0.18, 0.01]
[1.0]
[1.0]
[1.0]
[0.99, 0.01]
[1.0]
[1.0]
[0.93, 0.07]
[0.93, 0.07]
[0.93, 0.07]
[0.87, 0.11, 0.02]
[0.87, 0.11, 0.02]
[0.87, 0.11, 0.02]
[0.87, 0.11, 0.02]
[0.87, 0.11, 0.02]
