[1.0]
[0.81, 1.0]
[0.81, 1.0]
[0.81, 1.0]
[0.81, 1.0]
[0.8, 1.0]
[0.8, 1.0]
[0.8, 1.0]
[0.8, 1.0]
[0.8, 1.0]
[0.8, 1.0]
[0.8, 1.0]
[1.0]
[1.0]
[1.0]
[1.0]
[1.0]
[1.0]
[1.0]
[1.0]
[0.88, 1.0]
[0.88, 1.0]
[0.88, 1.0]
[0.72, 1.0]
[0.72, 1.0]
[0.72, 1.0]
[0.72, 1.0]
[0.72, 1.0]
[0.72, 1.0]
[0.72, 1.0]
[0.53, 0.81, 1.0]
[0.32, 0.6000000000000001, 0.81, 1.0]
[0.32, 0.6000000000000001, 0.81, 1.0]
[0.32, 0.6000000000000001, 0.81, 1.0]
[0.32, 0.6000000000000001, 0.81, 1.0]
[0.37, 0.6, 0.8099999999999999, 1.0]
[0.4, 0.63, 0.8200000000000001, 1.0]
[0.23, 0.44, 0.63, 0.8200000000000001, 1.0]
[0.23, 0.44, 0.63, 0.81, 0.99]
[0.23, 0.42000000000000004, 0.6100000000000001, 0.8, 0.99]
[0.24, 0.43, 0.62, 0.81, 0.99]
[0.29, 0.48, 0.6699999999999999, 0.8599999999999999, 0.9899999999999999]
[0.28, 0.47000000000000003, 0.66, 0.8500000000000001, 0.9800000000000001]
[0.28, 0.47000000000000003, 0.66, 0.8500000000000001, 0.9800000000000001]
[0.28, 0.47000000000000003, 0.66, 0.8500000000000001, 0.9800000000000001]
[0.27, 0.46, 0.65, 0.8400000000000001, 0.9700000000000001]
[0.27, 0.46, 0.65, 0.8400000000000001, 0.9700000000000001]
[0.27, 0.46, 0.65, 0.8400000000000001, 0.9700000000000001]
[0.3, 0.49, 0.6799999999999999, 0.8699999999999999, 0.9699999999999999]
[0.3, 0.49, 0.6799999999999999, 0.8699999999999999, 0.9699999999999999]
[0.3, 0.49, 0.6799999999999999, 0.8699999999999999, 0.9699999999999999]
[0.3, 0.5, 0.69, 0.8699999999999999, 0.9699999999999999]
[0.3, 0.5, 0.69, 0.8699999999999999, 0.9699999999999999]
[0.3, 0.51, 0.7, 0.8799999999999999, 0.9799999999999999]
[0.3, 0.51, 0.7, 0.8799999999999999, 0.9799999999999999]
[0.3, 0.5, 0.69, 0.8799999999999999, 0.9799999999999999]
[0.3, 0.5, 0.69, 0.8799999999999999, 0.9799999999999999]
[0.3, 0.5, 0.69, 0.8799999999999999, 0.9799999999999999]
[0.3, 0.5, 0.69, 0.8799999999999999, 0.9799999999999999]
[0.3, 0.5, 0.69, 0.8799999999999999, 0.9799999999999999]
[0.31, 0.51, 0.7, 0.8899999999999999, 0.9799999999999999]
[0.29, 0.49, 0.6799999999999999, 0.8699999999999999, 0.9699999999999999]
[0.3, 0.5, 0.69, 0.8799999999999999, 0.9799999999999999]
[0.3, 0.5, 0.69, 0.8799999999999999, 0.9799999999999999]
[0.3, 0.51, 0.7, 0.8899999999999999, 0.9899999999999999]
[0.3, 0.52, 0.71, 0.8899999999999999, 0.9899999999999999]
[0.3, 0.52, 0.71, 0.8899999999999999, 0.9899999999999999]
[0.3, 0.52, 0.71, 0.8899999999999999, 0.9899999999999999]
[0.3, 0.52, 0.71, 0.8899999999999999, 0.9899999999999999]
[0.3, 0.52, 0.71, 0.8899999999999999, 0.9899999999999999]
[0.3, 0.52, 0.71, 0.8899999999999999, 0.9899999999999999]
[0.3, 0.52, 0.71, 0.8899999999999999, 0.9899999999999999]
[0.3, 0.52, 0.71, 0.8899999999999999, 0.9899999999999999]
[0.3, 0.52, 0.71, 0.8899999999999999, 0.9899999999999999]
[0.3, 0.52, 0.71, 0.8899999999999999, 0.9899999999999999]
[0.3, 0.52, 0.71, 0.8899999999999999, 0.9899999999999999]
[0.32, 0.54, 0.73, 0.9099999999999999, 0.9899999999999999]
[0.32, 0.54, 0.73, 0.9099999999999999, 0.9899999999999999]
[0.31, 0.53, 0.72, 0.8999999999999999, 0.9799999999999999]
[0.31, 0.53, 0.72, 0.8999999999999999, 0.9799999999999999]
[0.31, 0.53, 0.72, 0.8999999999999999, 0.9799999999999999]
[0.31, 0.54, 0.73, 0.9, 0.98]
[0.31, 0.54, 0.73, 0.9, 0.98]
[0.31, 0.54, 0.73, 0.9, 0.98]
[0.23, 0.42000000000000004, 0.6000000000000001, 0.7700000000000001, 0.9000000000000001]
[0.23, 0.42000000000000004, 0.6000000000000001, 0.7700000000000001, 0.9000000000000001]
[0.23, 0.42000000000000004, 0.6000000000000001, 0.7700000000000001, 0.9000000000000001]
[0.23, 0.42000000000000004, 0.6000000000000001, 0.7700000000000001, 0.9000000000000001]
[0.23, 0.42000000000000004, 0.6000000000000001, 0.7700000000000001, 0.9000000000000001]
[0.23, 0.42000000000000004, 0.6000000000000001, 0.7700000000000001, 0.9000000000000001]
[0.23, 0.42000000000000004, 0.6000000000000001, 0.7700000000000001, 0.9000000000000001]
[0.23, 0.42000000000000004, 0.6000000000000001, 0.7700000000000001, 0.9000000000000001]
[0.23, 0.42000000000000004, 0.6000000000000001, 0.7700000000000001, 0.9000000000000001]
[0.23, 0.42000000000000004, 0.6000000000000001, 0.7700000000000001, 0.9000000000000001]
[0.23, 0.42000000000000004, 0.6000000000000001, 0.7700000000000001, 0.9000000000000001]
[0.23, 0.42000000000000004, 0.6000000000000001, 0.7700000000000001, 0.9000000000000001]
[0.23, 0.42000000000000004, 0.6000000000000001, 0.7700000000000001, 0.9000000000000001]
[0.21, 0.4, 0.5800000000000001, 0.76, 0.89]
[0.2, 0.39, 0.5800000000000001, 0.76, 0.89]
[0.21, 0.4, 0.5900000000000001, 0.77, 0.9]
[0.21, 0.4, 0.5900000000000001, 0.77, 0.9]
[0.21, 0.4, 0.5900000000000001, 0.77, 0.9]
[0.21, 0.4, 0.5900000000000001, 0.77, 0.9]
[0.21, 0.4, 0.5900000000000001, 0.77, 0.9]
[0.21, 0.4, 0.5900000000000001, 0.77, 0.9]
[0.21, 0.4, 0.5900000000000001, 0.77, 0.9]
[0.21, 0.4, 0.5900000000000001, 0.7600000000000001, 0.8900000000000001]
[0.21, 0.4, 0.5900000000000001, 0.7600000000000001, 0.8900000000000001]
[0.21, 0.4, 0.5900000000000001, 0.7600000000000001, 0.8900000000000001]
[0.21, 0.4, 0.5900000000000001, 0.7600000000000001, 0.8900000000000001]
[0.21, 0.4, 0.5900000000000001, 0.7600000000000001, 0.8900000000000001]
[0.21, 0.4, 0.5900000000000001, 0.7600000000000001, 0.8900000000000001]
[0.21, 0.4, 0.5900000000000001, 0.7600000000000001, 0.8900000000000001]
[1.0]
[1.0]
[0.77, 1.0]
[0.77, 1.0]
[0.79, 1.0]
[0.78, 1.0]
[0.78, 1.0]
[0.8, 1.0]
[0.82, 1.0]
[0.82, 1.0]
[0.82, 1.0]
[0.82, 1.0]
[0.82, 1.0]
[0.82, 1.0]
[0.81, 1.0]
[0.81, 1.0]
[0.81, 1.0]
[0.79, 1.0]
[0.76, 1.0]
[0.76, 1.0]
[0.76, 1.0]
[0.76, 1.0]
[0.76, 1.0]
[0.76, 1.0]
[0.76, 1.0]
[0.41, 0.76, 1.0]
[0.41, 0.76, 1.0]
[0.41, 0.76, 1.0]
[0.41, 0.75, 1.0]
[0.4, 0.74, 1.0]
[0.4, 0.74, 1.0]
[0.4, 0.74, 1.0]
[0.34, 0.6000000000000001, 0.81, 1.0]
[0.34, 0.6000000000000001, 0.81, 1.0]
[0.34, 0.6000000000000001, 0.81, 1.0]
[0.34, 0.6000000000000001, 0.81, 0.9700000000000001, 0.9800000000000001]
[0.34, 0.6000000000000001, 0.81, 0.9700000000000001, 0.9800000000000001]
[0.34, 0.6000000000000001, 0.81, 0.9700000000000001, 0.9800000000000001]
[0.34, 0.6000000000000001, 0.81, 0.9700000000000001, 0.9800000000000001]
[0.34, 0.6000000000000001, 0.81, 0.9700000000000001, 0.9800000000000001]
[0.34, 0.6000000000000001, 0.81, 0.9700000000000001, 0.9800000000000001]
[0.34, 0.6000000000000001, 0.81, 0.9700000000000001, 0.9800000000000001]
[0.34, 0.6000000000000001, 0.81, 0.9700000000000001, 0.9800000000000001]
[0.34, 0.6000000000000001, 0.81, 0.9700000000000001, 0.9800000000000001]
[0.34, 0.6000000000000001, 0.81, 0.9700000000000001, 0.9800000000000001]
[0.34, 0.6000000000000001, 0.81, 0.9700000000000001, 0.9800000000000001]
[0.34, 0.6000000000000001, 0.81, 0.9700000000000001, 0.9800000000000001]
[0.34, 0.6000000000000001, 0.81, 0.9700000000000001, 0.9800000000000001]
[0.34, 0.6000000000000001, 0.81, 0.9700000000000001, 0.9800000000000001]
[0.34, 0.6000000000000001, 0.81, 0.9700000000000001, 0.9800000000000001]
[0.34, 0.6000000000000001, 0.81, 0.9700000000000001, 0.9800000000000001]
[0.34, 0.6000000000000001, 0.81, 0.9700000000000001, 0.9800000000000001]
[0.34, 0.6000000000000001, 0.81, 0.9700000000000001, 0.9800000000000001]
[0.34, 0.6000000000000001, 0.81, 0.9700000000000001, 0.9800000000000001]
[0.34, 0.6000000000000001, 0.81, 0.9700000000000001, 0.9800000000000001]
[0.34, 0.6000000000000001, 0.81, 0.9700000000000001, 0.9800000000000001]
[0.34, 0.6000000000000001, 0.81, 0.9700000000000001, 0.9800000000000001]
[0.34, 0.6000000000000001, 0.81, 0.9700000000000001, 0.9800000000000001]
[0.34, 0.6000000000000001, 0.81, 0.9700000000000001, 0.9800000000000001]
[0.34, 0.6000000000000001, 0.81, 0.9700000000000001, 0.9800000000000001]
[0.34, 0.6000000000000001, 0.81, 0.9700000000000001, 0.9800000000000001]
[0.34, 0.6000000000000001, 0.81, 0.9700000000000001, 0.9800000000000001]
[0.34, 0.6000000000000001, 0.81, 0.9700000000000001, 0.9800000000000001]
[0.34, 0.6000000000000001, 0.81, 0.9700000000000001, 0.9800000000000001]
[0.31, 0.6, 0.8099999999999999, 0.97, 0.98]
[0.31, 0.6, 0.8099999999999999, 0.97, 0.98]
[0.31, 0.6, 0.8099999999999999, 0.97, 0.98]
[0.31, 0.6, 0.8099999999999999, 0.97, 0.98]
[0.31, 0.6, 0.8099999999999999, 0.97, 0.98]
[0.31, 0.6, 0.8099999999999999, 0.97, 0.98]
[0.31, 0.6, 0.8099999999999999, 0.97, 0.98]
[0.31, 0.6, 0.8099999999999999, 0.97, 0.98]
[0.31, 0.6, 0.8099999999999999, 0.97, 0.98]
[0.31, 0.6, 0.8099999999999999, 0.98, 0.99]
[0.31, 0.6, 0.8099999999999999, 0.98, 0.99]
[0.31, 0.6, 0.8099999999999999, 0.98, 0.99]
[0.31, 0.6, 0.8099999999999999, 0.98, 0.99]
[0.3, 0.6, 0.8099999999999999, 0.98, 0.99]
[0.3, 0.6, 0.8099999999999999, 0.98, 0.99]
[0.3, 0.6, 0.8099999999999999, 0.98, 0.99]
[0.3, 0.6, 0.8099999999999999, 0.98, 0.99]
[0.3, 0.6, 0.8099999999999999, 0.98, 0.99]
[0.3, 0.6, 0.8099999999999999, 0.98, 0.99]
[0.3, 0.6, 0.8099999999999999, 0.98, 0.99]
[0.3, 0.6, 0.8099999999999999, 0.98, 0.99]
[0.3, 0.6, 0.8099999999999999, 0.98, 0.99]
[0.35, 0.6, 0.8099999999999999, 0.98, 0.99]
[0.35, 0.6, 0.8099999999999999, 0.98, 0.99]
[0.35, 0.6, 0.8099999999999999, 0.98, 0.99]
[0.35, 0.6, 0.8099999999999999, 0.98, 0.99]
[0.35, 0.6, 0.8099999999999999, 0.98, 0.99]
[0.35, 0.6, 0.8099999999999999, 0.97, 0.98]
[0.35, 0.6, 0.8099999999999999, 0.97, 0.98]
[0.35, 0.6, 0.8099999999999999, 0.97, 0.98]
[0.35, 0.6, 0.8099999999999999, 0.97, 0.98]
[0.35, 0.6, 0.8099999999999999, 0.97, 0.98]
[0.35, 0.6, 0.8099999999999999, 0.97, 0.98]
[0.35, 0.6, 0.8099999999999999, 0.97, 0.98]
[0.35, 0.6, 0.8099999999999999, 0.97, 0.98]
[0.35, 0.6, 0.8099999999999999, 0.97, 0.98]
[0.36, 0.6, 0.8099999999999999, 0.97, 0.98]
[1.0]
[1.0]
[1.0]
[1.0]
[1.0]
[1.0]
[1.0]
[0.96, 1.0]
[0.91, 0.99, 1.0]
[0.91, 0.99, 1.0]
[0.91, 0.99, 1.0]
[0.91, 0.99, 1.0]
[1.0]
[1.0]
[1.0]
[1.0]
[0.95, 1.0]
[0.8, 0.9500000000000001, 1.0]
[0.8, 0.9500000000000001, 1.0]
[0.73, 0.88, 0.95, 1.0]
[0.73, 0.88, 0.95, 1.0]
[0.73, 0.88, 0.95, 1.0]
[0.73, 0.88, 0.95, 1.0]
[0.73, 0.88, 0.95, 1.0]
[0.73, 0.88, 0.95, 1.0]
[0.73, 0.88, 0.95, 1.0]
[0.73, 0.88, 0.95, 1.0]
[0.61, 0.78, 0.9, 1.0]
[0.61, 0.78, 0.9, 1.0]
[0.53, 0.72, 0.87, 0.99, 1.0]
[0.53, 0.72, 0.87, 0.99, 1.0]
[0.55, 0.74, 0.89, 0.99, 1.0]
[0.55, 0.74, 0.89, 0.99, 1.0]
[0.55, 0.74, 0.89, 0.99, 1.0]
[0.55, 0.74, 0.89, 0.99, 1.0]
[0.55, 0.74, 0.89, 0.99, 1.0]
[0.55, 0.74, 0.89, 0.99, 1.0]
[0.55, 0.74, 0.89, 0.99, 1.0]
[0.55, 0.74, 0.89, 0.99, 1.0]
[0.55, 0.74, 0.89, 0.99, 1.0]
[0.55, 0.74, 0.89, 0.99, 1.0]
[0.55, 0.74, 0.89, 0.99, 1.0]
[0.55, 0.74, 0.89, 0.99, 1.0]
[0.55, 0.74, 0.89, 0.99, 1.0]
[0.55, 0.74, 0.89, 0.99, 1.0]
[0.55, 0.74, 0.89, 0.99, 1.0]
[0.55, 0.74, 0.89, 0.99, 1.0]
[0.49, 0.6799999999999999, 0.85, 0.99, 1.0]
[0.49, 0.6799999999999999, 0.85, 0.99, 1.0]
[0.49, 0.6799999999999999, 0.85, 0.99, 1.0]
[0.49, 0.6799999999999999, 0.85, 0.99, 1.0]
[0.49, 0.6799999999999999, 0.85, 0.99, 1.0]
[0.5, 0.69, 0.86, 0.99, 1.0]
[0.5, 0.69, 0.86, 0.99, 1.0]
[0.46, 0.66, 0.8400000000000001, 0.9900000000000001, 1.0]
[0.46, 0.66, 0.8400000000000001, 0.9900000000000001, 1.0]
[0.46, 0.66, 0.8400000000000001, 0.9900000000000001, 1.0]
[0.46, 0.66, 0.8400000000000001, 0.9900000000000001, 1.0]
[0.46, 0.67, 0.8400000000000001, 0.9900000000000001, 1.0]
[0.46, 0.67, 0.8400000000000001, 0.9900000000000001, 1.0]
[0.46, 0.67, 0.8400000000000001, 0.9900000000000001, 1.0]
[0.47, 0.6799999999999999, 0.85, 0.99, 1.0]
[0.47, 0.6799999999999999, 0.85, 0.99, 1.0]
[0.47, 0.6699999999999999, 0.84, 0.98, 0.99]
[0.47, 0.6699999999999999, 0.84, 0.98, 0.99]
[0.47, 0.6699999999999999, 0.84, 0.98, 0.99]
[0.47, 0.6699999999999999, 0.84, 0.98, 0.99]
[0.47, 0.6699999999999999, 0.84, 0.98, 0.99]
[0.49, 0.69, 0.86, 0.98, 0.99]
[0.49, 0.69, 0.86, 0.98, 0.99]
[0.49, 0.69, 0.86, 0.98, 0.99]
[0.49, 0.69, 0.86, 0.98, 0.99]
[0.49, 0.69, 0.86, 0.98, 0.99]
[0.49, 0.69, 0.86, 0.98, 0.99]
[0.49, 0.69, 0.86, 0.98, 0.99]
[0.49, 0.69, 0.86, 0.98, 0.99]
[0.49, 0.69, 0.86, 0.98, 0.99]
[0.49, 0.69, 0.86, 0.98, 0.99]
[0.49, 0.69, 0.86, 0.98, 0.99]
[0.49, 0.69, 0.86, 0.98, 0.99]
[0.49, 0.69, 0.86, 0.98, 0.99]
[0.49, 0.69, 0.86, 0.98, 0.99]
[0.45, 0.65, 0.8200000000000001, 0.9800000000000001, 0.9900000000000001]
[0.45, 0.65, 0.8200000000000001, 0.9800000000000001, 0.9900000000000001]
[0.45, 0.65, 0.8200000000000001, 0.9800000000000001, 0.9900000000000001]
[0.45, 0.65, 0.8200000000000001, 0.9800000000000001, 0.9900000000000001]
[0.45, 0.65, 0.8200000000000001, 0.9800000000000001, 0.9900000000000001]
[0.42, 0.62, 0.8, 0.98, 0.99]
[0.42, 0.62, 0.8, 0.98, 0.99]
[0.42, 0.62, 0.8, 0.98, 0.99]
[0.42, 0.62, 0.8, 0.98, 0.99]
[0.42, 0.62, 0.8, 0.98, 0.99]
[0.42, 0.62, 0.8, 0.98, 0.99]
[0.42, 0.62, 0.8, 0.98, 0.99]
[0.42, 0.62, 0.8, 0.98, 0.99]
[0.42, 0.62, 0.8, 0.98, 0.99]
[0.42, 0.62, 0.8, 0.98, 0.99]
[0.42, 0.62, 0.8, 0.98, 0.99]
[0.42, 0.62, 0.81, 0.99, 1.0]
[0.42, 0.62, 0.81, 0.99, 1.0]
[0.42, 0.62, 0.81, 0.99, 1.0]
[0.43, 0.63, 0.8200000000000001, 0.9900000000000001, 1.0]
[0.42, 0.62, 0.81, 0.99, 1.0]
[0.42, 0.62, 0.81, 0.99, 1.0]
[0.42, 0.62, 0.81, 0.99, 1.0]
[0.42, 0.62, 0.81, 0.99, 1.0]
[0.42, 0.62, 0.81, 0.99, 1.0]
[0.42, 0.62, 0.81, 0.99, 1.0]
[0.42, 0.62, 0.81, 0.99, 1.0]
[0.42, 0.62, 0.81, 0.99, 1.0]
[0.42, 0.62, 0.81, 0.99, 1.0]
[0.42, 0.63, 0.81, 0.99, 1.0]
[0.42, 0.63, 0.81, 0.99, 1.0]
[1.0]
[1.0]
[1.0]
[0.99, 1.0]
[1.0]
[1.0]
[0.93, 1.0]
[0.93, 1.0]
[0.93, 1.0]
[0.87, 0.98, 1.0]
[0.87, 0.98, 1.0]
[0.87, 0.98, 1.0]
[0.87, 0.98, 1.0]
[0.87, 0.98, 1.0]
